-1.960400000000000000e+04	-1.682500000000000000e+04	-1.186200000000000000e+04
-1.960200000000000000e+04	-1.743700000000000000e+04	-1.190300000000000000e+04
-1.959800000000000000e+04	-1.663500000000000000e+04	-1.202000000000000000e+04
-1.952100000000000000e+04	-1.800700000000000000e+04	-1.292200000000000000e+04
-1.960300000000000000e+04	-1.704900000000000000e+04	-1.184600000000000000e+04
-1.941700000000000000e+04	-1.777800000000000000e+04	-1.341300000000000000e+04
-1.952800000000000000e+04	-1.760500000000000000e+04	-1.187600000000000000e+04
-1.930800000000000000e+04	-1.768600000000000000e+04	-1.352700000000000000e+04
-1.926700000000000000e+04	-1.856500000000000000e+04	-1.354900000000000000e+04
-1.925600000000000000e+04	-1.706700000000000000e+04	-1.357900000000000000e+04
-1.918100000000000000e+04	-1.762300000000000000e+04	-1.360900000000000000e+04
-1.908500000000000000e+04	-1.763700000000000000e+04	-1.401600000000000000e+04
-1.950200000000000000e+04	-1.818500000000000000e+04	-1.262700000000000000e+04
-1.943200000000000000e+04	-1.819800000000000000e+04	-1.176800000000000000e+04
-1.935200000000000000e+04	-1.849100000000000000e+04	-1.256800000000000000e+04
-1.901000000000000000e+04	-1.819300000000000000e+04	-1.404600000000000000e+04
-1.895800000000000000e+04	-1.757400000000000000e+04	-1.409800000000000000e+04
-1.885100000000000000e+04	-1.692800000000000000e+04	-1.412000000000000000e+04
-1.875500000000000000e+04	-1.772200000000000000e+04	-1.416300000000000000e+04
-1.928100000000000000e+04	-1.856400000000000000e+04	-1.193100000000000000e+04
-1.874800000000000000e+04	-1.751400000000000000e+04	-1.429800000000000000e+04
-1.926600000000000000e+04	-1.878900000000000000e+04	-1.353300000000000000e+04
-1.869700000000000000e+04	-1.691300000000000000e+04	-1.437300000000000000e+04
-1.918200000000000000e+04	-1.908800000000000000e+04	-1.267100000000000000e+04
-1.868000000000000000e+04	-1.876600000000000000e+04	-1.441500000000000000e+04
-1.857300000000000000e+04	-1.806200000000000000e+04	-1.448800000000000000e+04
-1.857100000000000000e+04	-1.867400000000000000e+04	-1.452900000000000000e+04
-1.851900000000000000e+04	-1.805500000000000000e+04	-1.458100000000000000e+04
-1.833900000000000000e+04	-1.735300000000000000e+04	-1.459200000000000000e+04
-1.909500000000000000e+04	-1.929300000000000000e+04	-1.349800000000000000e+04
-1.818100000000000000e+04	-1.815700000000000000e+04	-1.461500000000000000e+04
-1.814500000000000000e+04	-1.790000000000000000e+04	-1.470600000000000000e+04
-1.813400000000000000e+04	-1.884600000000000000e+04	-1.479500000000000000e+04
-1.885700000000000000e+04	-1.934500000000000000e+04	-1.342300000000000000e+04
-1.876200000000000000e+04	-1.939000000000000000e+04	-1.265600000000000000e+04
-1.809800000000000000e+04	-1.823500000000000000e+04	-1.483400000000000000e+04
-1.874000000000000000e+04	-1.940700000000000000e+04	-1.181500000000000000e+04
-1.807200000000000000e+04	-1.799300000000000000e+04	-1.484100000000000000e+04
-1.871800000000000000e+04	-1.944900000000000000e+04	-1.293600000000000000e+04
-1.781700000000000000e+04	-1.752200000000000000e+04	-1.495800000000000000e+04
-1.867500000000000000e+04	-1.959500000000000000e+04	-1.348300000000000000e+04
-1.774200000000000000e+04	-1.816000000000000000e+04	-1.497700000000000000e+04
-1.774200000000000000e+04	-1.807800000000000000e+04	-1.498800000000000000e+04
-1.854900000000000000e+04	-1.975900000000000000e+04	-1.407200000000000000e+04
-1.773100000000000000e+04	-1.658000000000000000e+04	-1.501800000000000000e+04
-1.772000000000000000e+04	-1.831000000000000000e+04	-1.503000000000000000e+04
-1.759900000000000000e+04	-1.798000000000000000e+04	-1.508600000000000000e+04
-1.759900000000000000e+04	-1.755400000000000000e+04	-1.514600000000000000e+04
-1.835200000000000000e+04	-1.981500000000000000e+04	-1.363300000000000000e+04
-1.752600000000000000e+04	-1.807300000000000000e+04	-1.522100000000000000e+04
-1.816000000000000000e+04	-1.989700000000000000e+04	-1.328000000000000000e+04
-1.815100000000000000e+04	-1.992000000000000000e+04	-1.328000000000000000e+04
-1.749000000000000000e+04	-1.746200000000000000e+04	-1.526000000000000000e+04
-1.807900000000000000e+04	-1.994500000000000000e+04	-1.306600000000000000e+04
-1.801600000000000000e+04	-2.001100000000000000e+04	-1.272900000000000000e+04
-1.720700000000000000e+04	-1.729400000000000000e+04	-1.526800000000000000e+04
-1.955000000000000000e+04	-1.681800000000000000e+04	-1.195500000000000000e+04
-1.720700000000000000e+04	-1.721200000000000000e+04	-1.527900000000000000e+04
-1.718500000000000000e+04	-1.744400000000000000e+04	-1.532100000000000000e+04
-1.793500000000000000e+04	-2.009700000000000000e+04	-1.317900000000000000e+04
-1.954900000000000000e+04	-1.704200000000000000e+04	-1.193900000000000000e+04
-1.706400000000000000e+04	-1.668800000000000000e+04	-1.543700000000000000e+04
-1.775600000000000000e+04	-2.016400000000000000e+04	-1.321600000000000000e+04
-1.773100000000000000e+04	-2.022200000000000000e+04	-1.326500000000000000e+04
-1.691600000000000000e+04	-1.806200000000000000e+04	-1.547000000000000000e+04
-1.756400000000000000e+04	-2.024600000000000000e+04	-1.286300000000000000e+04
-1.682100000000000000e+04	-1.711100000000000000e+04	-1.550500000000000000e+04
-1.754200000000000000e+04	-2.026300000000000000e+04	-1.202200000000000000e+04
-1.753900000000000000e+04	-2.028300000000000000e+04	-1.246100000000000000e+04
-1.742000000000000000e+04	-2.036000000000000000e+04	-1.231200000000000000e+04
-1.674100000000000000e+04	-1.720300000000000000e+04	-1.552200000000000000e+04
-1.658500000000000000e+04	-1.702500000000000000e+04	-1.553900000000000000e+04
-1.637800000000000000e+04	-1.643200000000000000e+04	-1.557800000000000000e+04
-1.724100000000000000e+04	-2.042700000000000000e+04	-1.234900000000000000e+04
-1.633200000000000000e+04	-1.687800000000000000e+04	-1.559700000000000000e+04
-1.615800000000000000e+04	-1.679600000000000000e+04	-1.561500000000000000e+04
-1.715100000000000000e+04	-2.042900000000000000e+04	-1.176600000000000000e+04
-1.606400000000000000e+04	-1.705800000000000000e+04	-1.561800000000000000e+04
-1.712200000000000000e+04	-2.056500000000000000e+04	-1.200700000000000000e+04
-1.596900000000000000e+04	-1.610700000000000000e+04	-1.565300000000000000e+04
-1.936600000000000000e+04	-1.804100000000000000e+04	-1.280900000000000000e+04
-1.591200000000000000e+04	-1.677000000000000000e+04	-1.567400000000000000e+04
-1.931300000000000000e+04	-1.810000000000000000e+04	-1.335300000000000000e+04
-1.933900000000000000e+04	-1.785900000000000000e+04	-1.302500000000000000e+04
-1.931400000000000000e+04	-1.787600000000000000e+04	-1.336900000000000000e+04
-1.934500000000000000e+04	-1.840300000000000000e+04	-1.259500000000000000e+04
-1.586700000000000000e+04	-1.613600000000000000e+04	-1.576800000000000000e+04
-1.694300000000000000e+04	-2.063200000000000000e+04	-1.204400000000000000e+04
-1.909600000000000000e+04	-1.790800000000000000e+04	-1.355700000000000000e+04
-1.902300000000000000e+04	-1.842700000000000000e+04	-1.363200000000000000e+04
-1.901600000000000000e+04	-1.838300000000000000e+04	-1.388800000000000000e+04
-1.876300000000000000e+04	-1.915200000000000000e+04	-1.410100000000000000e+04
-1.580300000000000000e+04	-1.667800000000000000e+04	-1.578800000000000000e+04
-1.672600000000000000e+04	-2.067600000000000000e+04	-1.191100000000000000e+04
-1.553500000000000000e+04	-1.685800000000000000e+04	-1.580900000000000000e+04
-1.635700000000000000e+04	-2.071500000000000000e+04	-1.229300000000000000e+04
-1.549100000000000000e+04	-1.584300000000000000e+04	-1.582000000000000000e+04
-1.544700000000000000e+04	-1.660300000000000000e+04	-1.593100000000000000e+04
-1.872700000000000000e+04	-1.807700000000000000e+04	-1.423500000000000000e+04
-1.614500000000000000e+04	-2.076400000000000000e+04	-1.179500000000000000e+04
-1.901500000000000000e+04	-1.860700000000000000e+04	-1.387200000000000000e+04
-1.875400000000000000e+04	-1.794600000000000000e+04	-1.414700000000000000e+04
-1.870100000000000000e+04	-1.771500000000000000e+04	-1.425600000000000000e+04
-1.887200000000000000e+04	-1.924400000000000000e+04	-1.398700000000000000e+04
-1.888200000000000000e+04	-1.909000000000000000e+04	-1.361400000000000000e+04
-1.883400000000000000e+04	-1.823500000000000000e+04	-1.399100000000000000e+04
-1.879600000000000000e+04	-1.880000000000000000e+04	-1.401700000000000000e+04
-1.611900000000000000e+04	-2.081700000000000000e+04	-1.187900000000000000e+04
-1.868700000000000000e+04	-1.870800000000000000e+04	-1.413100000000000000e+04
-1.602400000000000000e+04	-2.082700000000000000e+04	-1.157000000000000000e+04
-1.596900000000000000e+04	-2.086200000000000000e+04	-1.159800000000000000e+04
-1.458200000000000000e+04	-1.550200000000000000e+04	-1.598900000000000000e+04
-1.866700000000000000e+04	-1.937700000000000000e+04	-1.376600000000000000e+04
-1.857700000000000000e+04	-1.886400000000000000e+04	-1.437100000000000000e+04
-1.815000000000000000e+04	-1.831400000000000000e+04	-1.453200000000000000e+04
-1.590800000000000000e+04	-2.094600000000000000e+04	-1.146400000000000000e+04
-1.781500000000000000e+04	-1.798500000000000000e+04	-1.485300000000000000e+04
-1.780300000000000000e+04	-1.780900000000000000e+04	-1.486400000000000000e+04
-1.855000000000000000e+04	-1.949000000000000000e+04	-1.368100000000000000e+04
-1.779300000000000000e+04	-1.821700000000000000e+04	-1.489500000000000000e+04
-1.857600000000000000e+04	-1.908800000000000000e+04	-1.435500000000000000e+04
-1.775500000000000000e+04	-1.753200000000000000e+04	-1.493800000000000000e+04
-1.835700000000000000e+04	-1.928100000000000000e+04	-1.450000000000000000e+04
-1.842600000000000000e+04	-1.902900000000000000e+04	-1.438300000000000000e+04
-1.840500000000000000e+04	-1.959200000000000000e+04	-1.432000000000000000e+04
-1.781400000000000000e+04	-1.820900000000000000e+04	-1.483700000000000000e+04
-1.798100000000000000e+04	-1.996400000000000000e+04	-1.331700000000000000e+04
-1.778100000000000000e+04	-1.835500000000000000e+04	-1.481000000000000000e+04
-1.443400000000000000e+04	-1.687600000000000000e+04	-1.602200000000000000e+04
-1.774100000000000000e+04	-1.830200000000000000e+04	-1.497200000000000000e+04
-1.770100000000000000e+04	-1.850500000000000000e+04	-1.482300000000000000e+04
-1.806400000000000000e+04	-1.934400000000000000e+04	-1.460300000000000000e+04
-1.774200000000000000e+04	-1.887100000000000000e+04	-1.479600000000000000e+04
-1.763500000000000000e+04	-1.846000000000000000e+04	-1.482500000000000000e+04
-1.760500000000000000e+04	-1.864600000000000000e+04	-1.498600000000000000e+04
-1.796300000000000000e+04	-1.991100000000000000e+04	-1.346400000000000000e+04
-1.699700000000000000e+04	-1.787300000000000000e+04	-1.541200000000000000e+04
-1.796100000000000000e+04	-1.995200000000000000e+04	-1.362300000000000000e+04
-1.790600000000000000e+04	-1.891100000000000000e+04	-1.463200000000000000e+04
-1.776400000000000000e+04	-2.001900000000000000e+04	-1.404200000000000000e+04
-1.775400000000000000e+04	-1.892200000000000000e+04	-1.475200000000000000e+04
-1.828500000000000000e+04	-1.981100000000000000e+04	-1.384600000000000000e+04
-1.578200000000000000e+04	-2.095700000000000000e+04	-1.255700000000000000e+04
-1.720600000000000000e+04	-1.743600000000000000e+04	-1.526300000000000000e+04
-1.735700000000000000e+04	-1.860300000000000000e+04	-1.505300000000000000e+04
-1.727600000000000000e+04	-1.806900000000000000e+04	-1.523100000000000000e+04
-1.770700000000000000e+04	-1.893000000000000000e+04	-1.465900000000000000e+04
-1.762600000000000000e+04	-1.899000000000000000e+04	-1.469000000000000000e+04
-1.712000000000000000e+04	-1.789100000000000000e+04	-1.524800000000000000e+04
-1.811900000000000000e+04	-1.933300000000000000e+04	-1.442500000000000000e+04
-1.757700000000000000e+04	-1.875200000000000000e+04	-1.482700000000000000e+04
-1.730200000000000000e+04	-1.846500000000000000e+04	-1.508500000000000000e+04
-1.791400000000000000e+04	-1.996000000000000000e+04	-1.353000000000000000e+04
-1.784500000000000000e+04	-1.991800000000000000e+04	-1.402100000000000000e+04
-1.709300000000000000e+04	-1.773200000000000000e+04	-1.524900000000000000e+04
-1.707000000000000000e+04	-1.778000000000000000e+04	-1.527700000000000000e+04
-1.759000000000000000e+04	-1.913300000000000000e+04	-1.461600000000000000e+04
-1.747200000000000000e+04	-2.027900000000000000e+04	-1.267400000000000000e+04
-1.738500000000000000e+04	-2.031300000000000000e+04	-1.290000000000000000e+04
-1.743300000000000000e+04	-1.904700000000000000e+04	-1.502300000000000000e+04
-1.750600000000000000e+04	-1.895400000000000000e+04	-1.488800000000000000e+04
-1.758300000000000000e+04	-1.942600000000000000e+04	-1.471700000000000000e+04
-1.775200000000000000e+04	-1.951400000000000000e+04	-1.434300000000000000e+04
-1.724300000000000000e+04	-1.819000000000000000e+04	-1.510800000000000000e+04
-1.566200000000000000e+04	-2.100900000000000000e+04	-1.171400000000000000e+04
-1.704400000000000000e+04	-1.810700000000000000e+04	-1.530300000000000000e+04
-1.772300000000000000e+04	-1.940300000000000000e+04	-1.444600000000000000e+04
-1.772400000000000000e+04	-2.013400000000000000e+04	-1.329200000000000000e+04
-1.436400000000000000e+04	-1.566900000000000000e+04	-1.604300000000000000e+04
-1.818800000000000000e+04	-1.963600000000000000e+04	-1.418700000000000000e+04
-1.713400000000000000e+04	-1.809800000000000000e+04	-1.522200000000000000e+04
-1.768900000000000000e+04	-2.016000000000000000e+04	-1.342900000000000000e+04
-1.732200000000000000e+04	-2.032700000000000000e+04	-1.232800000000000000e+04
-1.730400000000000000e+04	-2.032600000000000000e+04	-1.271000000000000000e+04
-1.786700000000000000e+04	-1.977200000000000000e+04	-1.392900000000000000e+04
-1.753500000000000000e+04	-1.914400000000000000e+04	-1.479400000000000000e+04
-1.701900000000000000e+04	-1.836200000000000000e+04	-1.511200000000000000e+04
-1.700700000000000000e+04	-1.827300000000000000e+04	-1.520000000000000000e+04
-1.703600000000000000e+04	-1.846300000000000000e+04	-1.510600000000000000e+04
-1.765900000000000000e+04	-1.943600000000000000e+04	-1.437800000000000000e+04
-1.775100000000000000e+04	-1.973800000000000000e+04	-1.432700000000000000e+04
-1.723400000000000000e+04	-2.033900000000000000e+04	-1.237600000000000000e+04
-1.717400000000000000e+04	-2.042300000000000000e+04	-1.256200000000000000e+04
-1.780900000000000000e+04	-1.994100000000000000e+04	-1.390300000000000000e+04
-1.751400000000000000e+04	-1.944700000000000000e+04	-1.437600000000000000e+04
-1.740600000000000000e+04	-1.952300000000000000e+04	-1.442200000000000000e+04
-1.763700000000000000e+04	-2.004200000000000000e+04	-1.357100000000000000e+04
-1.748300000000000000e+04	-1.943200000000000000e+04	-1.448700000000000000e+04
-1.736700000000000000e+04	-2.026000000000000000e+04	-1.304700000000000000e+04
-1.760600000000000000e+04	-2.011700000000000000e+04	-1.346300000000000000e+04
-1.696800000000000000e+04	-1.830500000000000000e+04	-1.519400000000000000e+04
-1.700600000000000000e+04	-2.053100000000000000e+04	-1.240500000000000000e+04
-1.758700000000000000e+04	-2.005500000000000000e+04	-1.351300000000000000e+04
-1.692000000000000000e+04	-1.870500000000000000e+04	-1.519300000000000000e+04
-1.736600000000000000e+04	-1.947000000000000000e+04	-1.458400000000000000e+04
-1.736700000000000000e+04	-2.003900000000000000e+04	-1.440800000000000000e+04
-1.702800000000000000e+04	-1.869000000000000000e+04	-1.505500000000000000e+04
-1.716800000000000000e+04	-2.035700000000000000e+04	-1.276700000000000000e+04
-1.699300000000000000e+04	-1.861200000000000000e+04	-1.505800000000000000e+04
-1.697700000000000000e+04	-1.875400000000000000e+04	-1.507900000000000000e+04
-1.756700000000000000e+04	-2.007500000000000000e+04	-1.360300000000000000e+04
-1.746100000000000000e+04	-2.021900000000000000e+04	-1.410200000000000000e+04
-1.768100000000000000e+04	-1.989700000000000000e+04	-1.407000000000000000e+04
-1.690400000000000000e+04	-1.884700000000000000e+04	-1.521400000000000000e+04
-1.734500000000000000e+04	-1.947800000000000000e+04	-1.464200000000000000e+04
-1.731800000000000000e+04	-2.030900000000000000e+04	-1.311300000000000000e+04
-1.732600000000000000e+04	-1.967300000000000000e+04	-1.443500000000000000e+04
-1.749000000000000000e+04	-2.008300000000000000e+04	-1.386100000000000000e+04
-1.733900000000000000e+04	-2.024700000000000000e+04	-1.326600000000000000e+04
-1.729000000000000000e+04	-1.948900000000000000e+04	-1.482000000000000000e+04
-1.754700000000000000e+04	-2.006300000000000000e+04	-1.390900000000000000e+04
-1.689800000000000000e+04	-1.818100000000000000e+04	-1.531400000000000000e+04
-1.747800000000000000e+04	-2.019700000000000000e+04	-1.354200000000000000e+04
-1.731500000000000000e+04	-1.908500000000000000e+04	-1.486500000000000000e+04
-1.754500000000000000e+04	-2.020100000000000000e+04	-1.332900000000000000e+04
-1.712500000000000000e+04	-2.039300000000000000e+04	-1.274700000000000000e+04
-1.723000000000000000e+04	-1.981400000000000000e+04	-1.459800000000000000e+04
-1.715000000000000000e+04	-2.035700000000000000e+04	-1.314900000000000000e+04
-1.688600000000000000e+04	-1.835000000000000000e+04	-1.523300000000000000e+04
-1.425900000000000000e+04	-1.601700000000000000e+04	-1.607400000000000000e+04
-1.750000000000000000e+04	-2.007100000000000000e+04	-1.381600000000000000e+04
-1.595500000000000000e+04	-1.639100000000000000e+04	-1.564600000000000000e+04
-1.692300000000000000e+04	-1.911000000000000000e+04	-1.486600000000000000e+04
-1.682800000000000000e+04	-1.840300000000000000e+04	-1.524400000000000000e+04
-1.726900000000000000e+04	-2.027900000000000000e+04	-1.329800000000000000e+04
-1.643300000000000000e+04	-1.743900000000000000e+04	-1.548500000000000000e+04
-1.697100000000000000e+04	-2.042400000000000000e+04	-1.318600000000000000e+04
-1.694600000000000000e+04	-2.048200000000000000e+04	-1.323500000000000000e+04
-1.699100000000000000e+04	-2.040400000000000000e+04	-1.309600000000000000e+04
-1.688500000000000000e+04	-1.913200000000000000e+04	-1.485200000000000000e+04
-1.677300000000000000e+04	-1.826500000000000000e+04	-1.527600000000000000e+04
-1.685200000000000000e+04	-1.913500000000000000e+04	-1.490700000000000000e+04
-1.705800000000000000e+04	-2.038900000000000000e+04	-1.296000000000000000e+04
-1.683400000000000000e+04	-1.919600000000000000e+04	-1.487600000000000000e+04
-1.636900000000000000e+04	-1.798100000000000000e+04	-1.550500000000000000e+04
-1.624100000000000000e+04	-1.691800000000000000e+04	-1.558700000000000000e+04
-1.724900000000000000e+04	-2.026800000000000000e+04	-1.360400000000000000e+04
-1.629300000000000000e+04	-1.753700000000000000e+04	-1.553500000000000000e+04
-1.617100000000000000e+04	-1.768200000000000000e+04	-1.554400000000000000e+04
-1.670700000000000000e+04	-1.831200000000000000e+04	-1.529100000000000000e+04
-1.617000000000000000e+04	-1.704000000000000000e+04	-1.554900000000000000e+04
-1.681200000000000000e+04	-1.922500000000000000e+04	-1.498700000000000000e+04
-1.705200000000000000e+04	-2.032300000000000000e+04	-1.316500000000000000e+04
-1.669900000000000000e+04	-1.810600000000000000e+04	-1.533700000000000000e+04
-1.678600000000000000e+04	-1.888500000000000000e+04	-1.505600000000000000e+04
-1.594200000000000000e+04	-1.686900000000000000e+04	-1.564200000000000000e+04
-1.681600000000000000e+04	-1.927800000000000000e+04	-1.483300000000000000e+04
-1.615900000000000000e+04	-1.750600000000000000e+04	-1.555500000000000000e+04
-1.702300000000000000e+04	-2.028800000000000000e+04	-1.320600000000000000e+04
-1.634400000000000000e+04	-1.747300000000000000e+04	-1.551100000000000000e+04
-1.668400000000000000e+04	-1.878800000000000000e+04	-1.528500000000000000e+04
-1.716300000000000000e+04	-1.955000000000000000e+04	-1.460500000000000000e+04
-1.611800000000000000e+04	-1.748500000000000000e+04	-1.556800000000000000e+04
-1.658600000000000000e+04	-1.840200000000000000e+04	-1.532300000000000000e+04
-1.702200000000000000e+04	-2.031200000000000000e+04	-1.331600000000000000e+04
-1.642000000000000000e+04	-1.791700000000000000e+04	-1.548100000000000000e+04
-1.707400000000000000e+04	-1.963600000000000000e+04	-1.461500000000000000e+04
-1.671300000000000000e+04	-1.897800000000000000e+04	-1.519100000000000000e+04
-1.693600000000000000e+04	-2.054400000000000000e+04	-1.207100000000000000e+04
-1.688200000000000000e+04	-1.958000000000000000e+04	-1.463100000000000000e+04
-1.646200000000000000e+04	-1.841000000000000000e+04	-1.533600000000000000e+04
-1.647800000000000000e+04	-1.807300000000000000e+04	-1.539100000000000000e+04
-1.676100000000000000e+04	-1.928900000000000000e+04	-1.501100000000000000e+04
-1.687600000000000000e+04	-2.062800000000000000e+04	-1.225700000000000000e+04
-1.637400000000000000e+04	-1.815500000000000000e+04	-1.545800000000000000e+04
-1.638500000000000000e+04	-1.783900000000000000e+04	-1.548400000000000000e+04
-1.670900000000000000e+04	-1.957700000000000000e+04	-1.470400000000000000e+04
-1.720200000000000000e+04	-2.027500000000000000e+04	-1.351100000000000000e+04
-1.684000000000000000e+04	-2.055100000000000000e+04	-1.261300000000000000e+04
-1.698500000000000000e+04	-2.031900000000000000e+04	-1.337800000000000000e+04
-1.703400000000000000e+04	-2.027600000000000000e+04	-1.354700000000000000e+04
-1.654400000000000000e+04	-1.933300000000000000e+04	-1.487800000000000000e+04
-1.563300000000000000e+04	-2.102000000000000000e+04	-1.204300000000000000e+04
-1.583900000000000000e+04	-1.728900000000000000e+04	-1.574900000000000000e+04
-1.615500000000000000e+04	-1.858800000000000000e+04	-1.547600000000000000e+04
-1.662200000000000000e+04	-1.904100000000000000e+04	-1.502400000000000000e+04
-1.654100000000000000e+04	-1.923000000000000000e+04	-1.508200000000000000e+04
-1.677700000000000000e+04	-1.914700000000000000e+04	-1.499000000000000000e+04
-1.605100000000000000e+04	-1.753600000000000000e+04	-1.561400000000000000e+04
-1.693900000000000000e+04	-2.039400000000000000e+04	-1.326200000000000000e+04
-1.690400000000000000e+04	-2.042000000000000000e+04	-1.339900000000000000e+04
-1.639800000000000000e+04	-1.943300000000000000e+04	-1.488800000000000000e+04
-1.686900000000000000e+04	-2.054000000000000000e+04	-1.228400000000000000e+04
-1.668200000000000000e+04	-1.966100000000000000e+04	-1.461600000000000000e+04
-1.646200000000000000e+04	-1.960200000000000000e+04	-1.468700000000000000e+04
-1.689700000000000000e+04	-2.028500000000000000e+04	-1.342600000000000000e+04
-1.638900000000000000e+04	-1.969500000000000000e+04	-1.482200000000000000e+04
-1.652800000000000000e+04	-1.861000000000000000e+04	-1.530200000000000000e+04
-1.689400000000000000e+04	-2.043300000000000000e+04	-1.344400000000000000e+04
-1.683300000000000000e+04	-2.051700000000000000e+04	-1.331000000000000000e+04
-1.708500000000000000e+04	-2.024600000000000000e+04	-1.365300000000000000e+04
-1.688000000000000000e+04	-2.030700000000000000e+04	-1.398600000000000000e+04
-1.603300000000000000e+04	-1.937400000000000000e+04	-1.497700000000000000e+04
-1.683800000000000000e+04	-1.983900000000000000e+04	-1.459900000000000000e+04
-1.625100000000000000e+04	-1.844700000000000000e+04	-1.531300000000000000e+04
-1.682700000000000000e+04	-2.059800000000000000e+04	-1.244200000000000000e+04
-1.592700000000000000e+04	-1.754400000000000000e+04	-1.562700000000000000e+04
-1.614900000000000000e+04	-1.925500000000000000e+04	-1.508300000000000000e+04
-1.601200000000000000e+04	-1.903000000000000000e+04	-1.527300000000000000e+04
-1.721100000000000000e+04	-1.986100000000000000e+04	-1.442500000000000000e+04
-1.547100000000000000e+04	-2.104800000000000000e+04	-1.160400000000000000e+04
-1.586000000000000000e+04	-1.949500000000000000e+04	-1.501300000000000000e+04
-1.677600000000000000e+04	-2.037500000000000000e+04	-1.356600000000000000e+04
-1.617000000000000000e+04	-1.790600000000000000e+04	-1.552800000000000000e+04
-1.600300000000000000e+04	-1.905300000000000000e+04	-1.521600000000000000e+04
-1.730500000000000000e+04	-2.004100000000000000e+04	-1.411900000000000000e+04
-1.717800000000000000e+04	-2.010200000000000000e+04	-1.429100000000000000e+04
-1.672200000000000000e+04	-1.995800000000000000e+04	-1.449300000000000000e+04
-1.588100000000000000e+04	-1.984600000000000000e+04	-1.460100000000000000e+04
-1.615700000000000000e+04	-1.751800000000000000e+04	-1.554500000000000000e+04
-1.584000000000000000e+04	-1.971900000000000000e+04	-1.461900000000000000e+04
-1.588900000000000000e+04	-1.909700000000000000e+04	-1.512800000000000000e+04
-1.676000000000000000e+04	-2.059400000000000000e+04	-1.265500000000000000e+04
-1.585000000000000000e+04	-1.766500000000000000e+04	-1.558900000000000000e+04
-1.629200000000000000e+04	-1.881300000000000000e+04	-1.528600000000000000e+04
-1.580800000000000000e+04	-1.978300000000000000e+04	-1.470600000000000000e+04
-1.660000000000000000e+04	-2.057300000000000000e+04	-1.287000000000000000e+04
-1.613600000000000000e+04	-1.863500000000000000e+04	-1.530300000000000000e+04
-1.662700000000000000e+04	-2.067300000000000000e+04	-1.198400000000000000e+04
-1.583700000000000000e+04	-1.814300000000000000e+04	-1.558500000000000000e+04
-1.576500000000000000e+04	-1.910500000000000000e+04	-1.514100000000000000e+04
-1.574600000000000000e+04	-1.953900000000000000e+04	-1.492500000000000000e+04
-1.653200000000000000e+04	-1.925300000000000000e+04	-1.502500000000000000e+04
-1.575200000000000000e+04	-1.887200000000000000e+04	-1.531800000000000000e+04
-1.571000000000000000e+04	-1.911600000000000000e+04	-1.531900000000000000e+04
-1.617800000000000000e+04	-1.811200000000000000e+04	-1.548200000000000000e+04
-1.568200000000000000e+04	-1.937000000000000000e+04	-1.512600000000000000e+04
-1.670900000000000000e+04	-2.039000000000000000e+04	-1.370200000000000000e+04
-1.653600000000000000e+04	-2.064800000000000000e+04	-1.225600000000000000e+04
-1.648300000000000000e+04	-1.987500000000000000e+04	-1.451600000000000000e+04
-1.669000000000000000e+04	-2.060700000000000000e+04	-1.232100000000000000e+04
-1.410300000000000000e+04	-1.583900000000000000e+04	-1.609100000000000000e+04
-1.579500000000000000e+04	-1.907400000000000000e+04	-1.514000000000000000e+04
-1.605700000000000000e+04	-1.820200000000000000e+04	-1.551400000000000000e+04
-1.568500000000000000e+04	-1.860800000000000000e+04	-1.532500000000000000e+04
-1.686800000000000000e+04	-2.014300000000000000e+04	-1.425900000000000000e+04
-1.574400000000000000e+04	-1.961400000000000000e+04	-1.490700000000000000e+04
-1.609100000000000000e+04	-1.990000000000000000e+04	-1.451700000000000000e+04
-1.563400000000000000e+04	-1.867200000000000000e+04	-1.534900000000000000e+04
-1.565400000000000000e+04	-1.864100000000000000e+04	-1.532400000000000000e+04
-1.545500000000000000e+04	-2.017100000000000000e+04	-1.458700000000000000e+04
-1.666100000000000000e+04	-2.061800000000000000e+04	-1.265000000000000000e+04
-1.557000000000000000e+04	-1.983500000000000000e+04	-1.463100000000000000e+04
-1.647300000000000000e+04	-2.065100000000000000e+04	-1.218800000000000000e+04
-1.591800000000000000e+04	-1.795400000000000000e+04	-1.552700000000000000e+04
-1.575200000000000000e+04	-1.972500000000000000e+04	-1.477000000000000000e+04
-1.552100000000000000e+04	-1.917900000000000000e+04	-1.520200000000000000e+04
-1.649400000000000000e+04	-2.064200000000000000e+04	-1.257600000000000000e+04
-1.654500000000000000e+04	-2.058400000000000000e+04	-1.304800000000000000e+04
-1.560300000000000000e+04	-1.870500000000000000e+04	-1.534800000000000000e+04
-1.556300000000000000e+04	-1.978800000000000000e+04	-1.465300000000000000e+04
-1.567700000000000000e+04	-1.754000000000000000e+04	-1.563700000000000000e+04
-1.530500000000000000e+04	-1.875900000000000000e+04	-1.535100000000000000e+04
-1.665800000000000000e+04	-2.008200000000000000e+04	-1.445900000000000000e+04
-1.578600000000000000e+04	-1.820700000000000000e+04	-1.560900000000000000e+04
-1.498400000000000000e+04	-1.866000000000000000e+04	-1.540700000000000000e+04
-1.517100000000000000e+04	-1.981300000000000000e+04	-1.465400000000000000e+04
-1.678600000000000000e+04	-2.012700000000000000e+04	-1.429200000000000000e+04
-1.666400000000000000e+04	-2.046800000000000000e+04	-1.384100000000000000e+04
-1.675200000000000000e+04	-2.026200000000000000e+04	-1.415300000000000000e+04
-1.560300000000000000e+04	-1.974200000000000000e+04	-1.473100000000000000e+04
-1.669300000000000000e+04	-2.045700000000000000e+04	-1.351200000000000000e+04
-1.485100000000000000e+04	-1.979000000000000000e+04	-1.470800000000000000e+04
-1.550600000000000000e+04	-1.966600000000000000e+04	-1.483200000000000000e+04
-1.417400000000000000e+04	-1.991000000000000000e+04	-1.473600000000000000e+04
-1.563100000000000000e+04	-1.742800000000000000e+04	-1.569100000000000000e+04
-1.421400000000000000e+04	-1.982000000000000000e+04	-1.465600000000000000e+04
-1.562200000000000000e+04	-1.954700000000000000e+04	-1.493800000000000000e+04
-1.490300000000000000e+04	-1.950200000000000000e+04	-1.501500000000000000e+04
-1.512900000000000000e+04	-1.920400000000000000e+04	-1.520300000000000000e+04
-1.402900000000000000e+04	-1.953300000000000000e+04	-1.503700000000000000e+04
-1.344800000000000000e+04	-1.962100000000000000e+04	-1.492100000000000000e+04
-1.659400000000000000e+04	-2.061400000000000000e+04	-1.286300000000000000e+04
-1.559800000000000000e+04	-1.972900000000000000e+04	-1.479000000000000000e+04
-1.599900000000000000e+04	-1.841000000000000000e+04	-1.549300000000000000e+04
-1.570000000000000000e+04	-2.001300000000000000e+04	-1.446300000000000000e+04
-1.496100000000000000e+04	-1.885700000000000000e+04	-1.558100000000000000e+04
-1.392600000000000000e+04	-1.988500000000000000e+04	-1.475400000000000000e+04
-1.656900000000000000e+04	-2.017100000000000000e+04	-1.415900000000000000e+04
-1.592500000000000000e+04	-2.020700000000000000e+04	-1.423200000000000000e+04
-1.397700000000000000e+04	-1.922900000000000000e+04	-1.530700000000000000e+04
-1.545800000000000000e+04	-1.755800000000000000e+04	-1.563700000000000000e+04
-1.530800000000000000e+04	-1.794300000000000000e+04	-1.577600000000000000e+04
-1.604100000000000000e+04	-2.008800000000000000e+04	-1.433800000000000000e+04
-1.630500000000000000e+04	-2.070500000000000000e+04	-1.245900000000000000e+04
-1.582900000000000000e+04	-2.013400000000000000e+04	-1.429400000000000000e+04
-1.578900000000000000e+04	-2.022400000000000000e+04	-1.437400000000000000e+04
-1.653300000000000000e+04	-2.056900000000000000e+04	-1.308300000000000000e+04
-1.574600000000000000e+04	-1.826300000000000000e+04	-1.555100000000000000e+04
-1.539400000000000000e+04	-1.752100000000000000e+04	-1.579100000000000000e+04
-1.579700000000000000e+04	-1.819900000000000000e+04	-1.552700000000000000e+04
-1.647800000000000000e+04	-2.058000000000000000e+04	-1.326100000000000000e+04
-1.666300000000000000e+04	-2.035100000000000000e+04	-1.385300000000000000e+04
-1.631300000000000000e+04	-2.052100000000000000e+04	-1.332800000000000000e+04
-1.490900000000000000e+04	-1.914500000000000000e+04	-1.527400000000000000e+04
-1.359300000000000000e+04	-1.999800000000000000e+04	-1.462000000000000000e+04
-1.649900000000000000e+04	-2.032900000000000000e+04	-1.390200000000000000e+04
-1.555500000000000000e+04	-1.839400000000000000e+04	-1.552800000000000000e+04
-1.630100000000000000e+04	-2.048200000000000000e+04	-1.351300000000000000e+04
-1.470200000000000000e+04	-1.891100000000000000e+04	-1.535000000000000000e+04
-1.657000000000000000e+04	-2.028800000000000000e+04	-1.414700000000000000e+04
-1.643800000000000000e+04	-2.062600000000000000e+04	-1.313000000000000000e+04
-1.573800000000000000e+04	-2.028800000000000000e+04	-1.439800000000000000e+04
-1.645400000000000000e+04	-2.040700000000000000e+04	-1.404100000000000000e+04
-1.627200000000000000e+04	-2.049300000000000000e+04	-1.384200000000000000e+04
-1.629000000000000000e+04	-2.071100000000000000e+04	-1.250600000000000000e+04
-1.642700000000000000e+04	-2.063800000000000000e+04	-1.278900000000000000e+04
-1.610500000000000000e+04	-2.073700000000000000e+04	-1.240700000000000000e+04
-1.438000000000000000e+04	-1.894500000000000000e+04	-1.546500000000000000e+04
-1.516300000000000000e+04	-1.841900000000000000e+04	-1.552900000000000000e+04
-1.512500000000000000e+04	-1.844100000000000000e+04	-1.551500000000000000e+04
-1.558900000000000000e+04	-1.728500000000000000e+04	-1.575900000000000000e+04
-1.626700000000000000e+04	-2.070900000000000000e+04	-1.284600000000000000e+04
-1.619200000000000000e+04	-2.054600000000000000e+04	-1.339500000000000000e+04
-1.416300000000000000e+04	-1.898900000000000000e+04	-1.533200000000000000e+04
-1.534700000000000000e+04	-2.108300000000000000e+04	-1.269000000000000000e+04
-1.552200000000000000e+04	-1.733600000000000000e+04	-1.580500000000000000e+04
-1.558600000000000000e+04	-1.679400000000000000e+04	-1.578500000000000000e+04
-1.606200000000000000e+04	-2.043200000000000000e+04	-1.404200000000000000e+04
-1.568600000000000000e+04	-2.057600000000000000e+04	-1.409100000000000000e+04
-1.618500000000000000e+04	-2.060100000000000000e+04	-1.340700000000000000e+04
-1.545300000000000000e+04	-1.738500000000000000e+04	-1.570000000000000000e+04
-1.615600000000000000e+04	-2.061200000000000000e+04	-1.373600000000000000e+04
-1.338800000000000000e+04	-1.577100000000000000e+04	-1.609400000000000000e+04
-1.535600000000000000e+04	-1.825400000000000000e+04	-1.559600000000000000e+04
-1.607800000000000000e+04	-2.076000000000000000e+04	-1.200800000000000000e+04
-1.526800000000000000e+04	-1.799900000000000000e+04	-1.571800000000000000e+04
-1.562200000000000000e+04	-2.040700000000000000e+04	-1.429200000000000000e+04
-1.517500000000000000e+04	-1.825000000000000000e+04	-1.561000000000000000e+04
-1.511700000000000000e+04	-1.804000000000000000e+04	-1.561500000000000000e+04
-1.625400000000000000e+04	-2.063400000000000000e+04	-1.286200000000000000e+04
-1.306500000000000000e+04	-1.628600000000000000e+04	-1.617900000000000000e+04
-1.617400000000000000e+04	-2.067700000000000000e+04	-1.290400000000000000e+04
-1.605900000000000000e+04	-2.076800000000000000e+04	-1.270900000000000000e+04
-1.625200000000000000e+04	-2.060500000000000000e+04	-1.319400000000000000e+04
-1.420200000000000000e+04	-1.831300000000000000e+04	-1.565600000000000000e+04
-1.618900000000000000e+04	-2.067100000000000000e+04	-1.285700000000000000e+04
-1.412200000000000000e+04	-2.019800000000000000e+04	-1.442900000000000000e+04
-1.612200000000000000e+04	-2.066700000000000000e+04	-1.307000000000000000e+04
-1.492000000000000000e+04	-1.849100000000000000e+04	-1.560800000000000000e+04
-1.407100000000000000e+04	-2.026200000000000000e+04	-1.445300000000000000e+04
-1.571500000000000000e+04	-2.044000000000000000e+04	-1.385000000000000000e+04
-1.592800000000000000e+04	-2.083400000000000000e+04	-1.211200000000000000e+04
-1.605900000000000000e+04	-2.061500000000000000e+04	-1.321300000000000000e+04
-1.509900000000000000e+04	-1.709500000000000000e+04	-1.582100000000000000e+04
-1.595900000000000000e+04	-2.066700000000000000e+04	-1.329700000000000000e+04
-1.601400000000000000e+04	-2.065600000000000000e+04	-1.311900000000000000e+04
-1.452800000000000000e+04	-1.851600000000000000e+04	-1.560900000000000000e+04
-1.404600000000000000e+04	-1.813500000000000000e+04	-1.567300000000000000e+04
-1.571500000000000000e+04	-2.056500000000000000e+04	-1.376200000000000000e+04
-1.600800000000000000e+04	-2.069700000000000000e+04	-1.311200000000000000e+04
-1.505700000000000000e+04	-1.681400000000000000e+04	-1.582800000000000000e+04
-1.607500000000000000e+04	-2.070100000000000000e+04	-1.289900000000000000e+04
-1.349300000000000000e+04	-1.835600000000000000e+04	-1.570700000000000000e+04
-1.592600000000000000e+04	-2.080400000000000000e+04	-1.244400000000000000e+04
-1.497700000000000000e+04	-1.690600000000000000e+04	-1.584500000000000000e+04
-1.595700000000000000e+04	-2.082300000000000000e+04	-1.178300000000000000e+04
-1.594700000000000000e+04	-2.065200000000000000e+04	-1.333200000000000000e+04
-1.594300000000000000e+04	-2.073400000000000000e+04	-1.310700000000000000e+04
-1.494000000000000000e+04	-2.042000000000000000e+04	-1.414900000000000000e+04
-1.589200000000000000e+04	-2.066300000000000000e+04	-1.351000000000000000e+04
-1.581000000000000000e+04	-2.070200000000000000e+04	-1.369900000000000000e+04
-1.496300000000000000e+04	-1.707600000000000000e+04	-1.583100000000000000e+04
-1.491200000000000000e+04	-1.714000000000000000e+04	-1.585500000000000000e+04
-1.501800000000000000e+04	-1.727200000000000000e+04	-1.581800000000000000e+04
-1.584100000000000000e+04	-2.094200000000000000e+04	-1.167700000000000000e+04
-1.583000000000000000e+04	-2.081100000000000000e+04	-1.298600000000000000e+04
-1.585900000000000000e+04	-2.080000000000000000e+04	-1.265700000000000000e+04
-1.489900000000000000e+04	-1.761800000000000000e+04	-1.585100000000000000e+04
-1.242700000000000000e+04	-1.795900000000000000e+04	-1.582600000000000000e+04
-1.479000000000000000e+04	-1.695100000000000000e+04	-1.587900000000000000e+04
-1.408700000000000000e+04	-1.779000000000000000e+04	-1.582700000000000000e+04
-1.570500000000000000e+04	-2.070600000000000000e+04	-1.318400000000000000e+04
-1.555100000000000000e+04	-2.075900000000000000e+04	-1.310800000000000000e+04
-1.537500000000000000e+04	-2.071400000000000000e+04	-1.313800000000000000e+04
-1.451600000000000000e+04	-1.596200000000000000e+04	-1.597200000000000000e+04
-1.533900000000000000e+04	-2.083800000000000000e+04	-1.318800000000000000e+04
-1.524400000000000000e+04	-2.089500000000000000e+04	-1.323500000000000000e+04
-1.564400000000000000e+04	-2.079000000000000000e+04	-1.305000000000000000e+04
-1.485400000000000000e+04	-2.064500000000000000e+04	-1.370200000000000000e+04
-1.446200000000000000e+04	-2.067000000000000000e+04	-1.370300000000000000e+04
-1.465100000000000000e+04	-1.670300000000000000e+04	-1.589200000000000000e+04
-1.523700000000000000e+04	-2.080700000000000000e+04	-1.326200000000000000e+04
-1.444300000000000000e+04	-1.715400000000000000e+04	-1.586500000000000000e+04
-1.399800000000000000e+04	-1.782400000000000000e+04	-1.585300000000000000e+04
-1.512900000000000000e+04	-2.077700000000000000e+04	-1.338800000000000000e+04
-1.520700000000000000e+04	-2.110000000000000000e+04	-1.137800000000000000e+04
-1.460900000000000000e+04	-1.694700000000000000e+04	-1.589300000000000000e+04
-1.441600000000000000e+04	-1.699500000000000000e+04	-1.586600000000000000e+04
-1.435400000000000000e+04	-1.718800000000000000e+04	-1.589100000000000000e+04
-1.439500000000000000e+04	-1.755400000000000000e+04	-1.586400000000000000e+04
-1.445600000000000000e+04	-1.693900000000000000e+04	-1.592400000000000000e+04
-1.511900000000000000e+04	-2.079000000000000000e+04	-1.343300000000000000e+04
-1.564200000000000000e+04	-2.089700000000000000e+04	-1.275900000000000000e+04
-1.499100000000000000e+04	-2.087000000000000000e+04	-1.351200000000000000e+04
-1.436800000000000000e+04	-1.739500000000000000e+04	-1.586500000000000000e+04
-1.421200000000000000e+04	-1.721700000000000000e+04	-1.588200000000000000e+04
-1.363100000000000000e+04	-1.758900000000000000e+04	-1.589600000000000000e+04
-1.434800000000000000e+04	-2.071300000000000000e+04	-1.361500000000000000e+04
-1.367200000000000000e+04	-1.696000000000000000e+04	-1.592000000000000000e+04
-1.556600000000000000e+04	-2.086300000000000000e+04	-1.276000000000000000e+04
-1.546900000000000000e+04	-2.089400000000000000e+04	-1.283200000000000000e+04
-1.422400000000000000e+04	-2.072100000000000000e+04	-1.362800000000000000e+04
-1.539900000000000000e+04	-2.079500000000000000e+04	-1.299700000000000000e+04
-1.336800000000000000e+04	-1.719000000000000000e+04	-1.596000000000000000e+04
-1.543200000000000000e+04	-2.083600000000000000e+04	-1.295900000000000000e+04
-1.540600000000000000e+04	-2.084200000000000000e+04	-1.297500000000000000e+04
-1.289900000000000000e+04	-1.720400000000000000e+04	-1.597000000000000000e+04
-1.276300000000000000e+04	-1.730400000000000000e+04	-1.591100000000000000e+04
-1.505800000000000000e+04	-2.087400000000000000e+04	-1.329900000000000000e+04
-1.529000000000000000e+04	-2.096100000000000000e+04	-1.286900000000000000e+04
-1.527300000000000000e+04	-2.088400000000000000e+04	-1.290600000000000000e+04
-1.495500000000000000e+04	-2.110800000000000000e+04	-1.269100000000000000e+04
-1.525300000000000000e+04	-2.090300000000000000e+04	-1.299600000000000000e+04
-1.552600000000000000e+04	-2.101600000000000000e+04	-1.265300000000000000e+04
-1.546300000000000000e+04	-2.096400000000000000e+04	-1.279600000000000000e+04
-1.390600000000000000e+04	-2.116600000000000000e+04	-1.238000000000000000e+04
-1.522300000000000000e+04	-2.095700000000000000e+04	-1.308200000000000000e+04
-1.559300000000000000e+04	-2.102000000000000000e+04	-1.244000000000000000e+04
-1.442100000000000000e+04	-2.090300000000000000e+04	-1.324700000000000000e+04
-1.414400000000000000e+04	-1.620500000000000000e+04	-1.606400000000000000e+04
-1.390300000000000000e+04	-1.665300000000000000e+04	-1.603600000000000000e+04
-1.374700000000000000e+04	-1.647500000000000000e+04	-1.605300000000000000e+04
-1.460800000000000000e+04	-2.097400000000000000e+04	-1.272600000000000000e+04
-1.454100000000000000e+04	-2.097000000000000000e+04	-1.293900000000000000e+04
-1.380300000000000000e+04	-2.108500000000000000e+04	-1.294900000000000000e+04
-1.387000000000000000e+04	-2.108900000000000000e+04	-1.273600000000000000e+04
-1.362400000000000000e+04	-2.115200000000000000e+04	-1.298600000000000000e+04
-1.383300000000000000e+04	-2.097600000000000000e+04	-1.274800000000000000e+04
-1.248400000000000000e+04	-1.637400000000000000e+04	-1.606300000000000000e+04
