-1.517500000000000000e+04	-1.083200000000000000e+04
-1.517300000000000000e+04	-1.087900000000000000e+04
-1.517200000000000000e+04	-1.090100000000000000e+04
-1.517100000000000000e+04	-1.091200000000000000e+04
-1.517000000000000000e+04	-1.099800000000000000e+04
-1.516700000000000000e+04	-1.103600000000000000e+04
-1.516400000000000000e+04	-1.106800000000000000e+04
-1.516100000000000000e+04	-1.108100000000000000e+04
-1.515900000000000000e+04	-1.110600000000000000e+04
-1.515800000000000000e+04	-1.111900000000000000e+04
-1.515700000000000000e+04	-1.112900000000000000e+04
-1.515600000000000000e+04	-1.113800000000000000e+04
-1.515500000000000000e+04	-1.114700000000000000e+04
-1.515400000000000000e+04	-1.116600000000000000e+04
-1.515200000000000000e+04	-1.117900000000000000e+04
-1.515100000000000000e+04	-1.118600000000000000e+04
-1.515000000000000000e+04	-1.118900000000000000e+04
-1.514900000000000000e+04	-1.120600000000000000e+04
-1.514800000000000000e+04	-1.121500000000000000e+04
-1.514600000000000000e+04	-1.124000000000000000e+04
-1.514100000000000000e+04	-1.125400000000000000e+04
-1.514000000000000000e+04	-1.127500000000000000e+04
-1.513900000000000000e+04	-1.128400000000000000e+04
-1.513700000000000000e+04	-1.128600000000000000e+04
-1.513600000000000000e+04	-1.129300000000000000e+04
-1.513500000000000000e+04	-1.129500000000000000e+04
-1.513400000000000000e+04	-1.130400000000000000e+04
-1.513300000000000000e+04	-1.130800000000000000e+04
-1.513200000000000000e+04	-1.131800000000000000e+04
-1.513100000000000000e+04	-1.132600000000000000e+04
-1.512900000000000000e+04	-1.132800000000000000e+04
-1.512700000000000000e+04	-1.133500000000000000e+04
-1.512600000000000000e+04	-1.135500000000000000e+04
-1.512100000000000000e+04	-1.137500000000000000e+04
-1.511900000000000000e+04	-1.138200000000000000e+04
-1.511800000000000000e+04	-1.139100000000000000e+04
-1.511500000000000000e+04	-1.140900000000000000e+04
-1.511400000000000000e+04	-1.141700000000000000e+04
-1.511000000000000000e+04	-1.142900000000000000e+04
-1.510900000000000000e+04	-1.143700000000000000e+04
-1.510700000000000000e+04	-1.144000000000000000e+04
-1.510400000000000000e+04	-1.144900000000000000e+04
-1.510300000000000000e+04	-1.145000000000000000e+04
-1.510200000000000000e+04	-1.146100000000000000e+04
-1.510100000000000000e+04	-1.147300000000000000e+04
-1.509800000000000000e+04	-1.147600000000000000e+04
-1.509500000000000000e+04	-1.148600000000000000e+04
-1.509300000000000000e+04	-1.149300000000000000e+04
-1.509200000000000000e+04	-1.149400000000000000e+04
-1.509000000000000000e+04	-1.150600000000000000e+04
-1.508800000000000000e+04	-1.152000000000000000e+04
-1.508700000000000000e+04	-1.152200000000000000e+04
-1.508500000000000000e+04	-1.152700000000000000e+04
-1.508400000000000000e+04	-1.152900000000000000e+04
-1.508300000000000000e+04	-1.154100000000000000e+04
-1.508000000000000000e+04	-1.154300000000000000e+04
-1.507800000000000000e+04	-1.154500000000000000e+04
-1.507700000000000000e+04	-1.155200000000000000e+04
-1.507600000000000000e+04	-1.155800000000000000e+04
-1.507400000000000000e+04	-1.156500000000000000e+04
-1.507300000000000000e+04	-1.156600000000000000e+04
-1.507200000000000000e+04	-1.157400000000000000e+04
-1.507100000000000000e+04	-1.157600000000000000e+04
-1.506900000000000000e+04	-1.158800000000000000e+04
-1.506800000000000000e+04	-1.159000000000000000e+04
-1.506700000000000000e+04	-1.159300000000000000e+04
-1.506400000000000000e+04	-1.160800000000000000e+04
-1.506100000000000000e+04	-1.161800000000000000e+04
-1.505800000000000000e+04	-1.162600000000000000e+04
-1.505600000000000000e+04	-1.163100000000000000e+04
-1.505500000000000000e+04	-1.164500000000000000e+04
-1.505000000000000000e+04	-1.165700000000000000e+04
-1.504700000000000000e+04	-1.165800000000000000e+04
-1.504600000000000000e+04	-1.166900000000000000e+04
-1.504400000000000000e+04	-1.167200000000000000e+04
-1.504200000000000000e+04	-1.167400000000000000e+04
-1.504100000000000000e+04	-1.168400000000000000e+04
-1.504000000000000000e+04	-1.168800000000000000e+04
-1.503800000000000000e+04	-1.169200000000000000e+04
-1.503400000000000000e+04	-1.169800000000000000e+04
-1.503300000000000000e+04	-1.170700000000000000e+04
-1.503200000000000000e+04	-1.171200000000000000e+04
-1.503100000000000000e+04	-1.171300000000000000e+04
-1.502900000000000000e+04	-1.172000000000000000e+04
-1.502600000000000000e+04	-1.172300000000000000e+04
-1.502500000000000000e+04	-1.172700000000000000e+04
-1.502300000000000000e+04	-1.173900000000000000e+04
-1.502200000000000000e+04	-1.174200000000000000e+04
-1.502000000000000000e+04	-1.175200000000000000e+04
-1.501700000000000000e+04	-1.176000000000000000e+04
-1.501400000000000000e+04	-1.176300000000000000e+04
-1.501300000000000000e+04	-1.176900000000000000e+04
-1.501000000000000000e+04	-1.177500000000000000e+04
-1.500900000000000000e+04	-1.177600000000000000e+04
-1.500800000000000000e+04	-1.177900000000000000e+04
-1.500700000000000000e+04	-1.178600000000000000e+04
-1.500600000000000000e+04	-1.179300000000000000e+04
-1.500400000000000000e+04	-1.179800000000000000e+04
-1.500300000000000000e+04	-1.180000000000000000e+04
-1.500000000000000000e+04	-1.180300000000000000e+04
-1.499900000000000000e+04	-1.181100000000000000e+04
-1.499800000000000000e+04	-1.182200000000000000e+04
-1.499300000000000000e+04	-1.182300000000000000e+04
-1.499200000000000000e+04	-1.183800000000000000e+04
-1.498900000000000000e+04	-1.183900000000000000e+04
-1.498700000000000000e+04	-1.184100000000000000e+04
-1.498600000000000000e+04	-1.184400000000000000e+04
-1.498400000000000000e+04	-1.184800000000000000e+04
-1.498300000000000000e+04	-1.185300000000000000e+04
-1.498200000000000000e+04	-1.185500000000000000e+04
-1.498000000000000000e+04	-1.185900000000000000e+04
-1.497900000000000000e+04	-1.186500000000000000e+04
-1.497600000000000000e+04	-1.186900000000000000e+04
-1.497500000000000000e+04	-1.188000000000000000e+04
-1.497300000000000000e+04	-1.189000000000000000e+04
-1.496700000000000000e+04	-1.189100000000000000e+04
-1.496600000000000000e+04	-1.190800000000000000e+04
-1.496200000000000000e+04	-1.191200000000000000e+04
-1.496000000000000000e+04	-1.191800000000000000e+04
-1.495600000000000000e+04	-1.192000000000000000e+04
-1.495500000000000000e+04	-1.192900000000000000e+04
-1.495400000000000000e+04	-1.193300000000000000e+04
-1.495200000000000000e+04	-1.194600000000000000e+04
-1.494600000000000000e+04	-1.194700000000000000e+04
-1.494500000000000000e+04	-1.195200000000000000e+04
-1.494400000000000000e+04	-1.195700000000000000e+04
-1.494100000000000000e+04	-1.196000000000000000e+04
-1.493900000000000000e+04	-1.196700000000000000e+04
-1.493800000000000000e+04	-1.196800000000000000e+04
-1.493600000000000000e+04	-1.197500000000000000e+04
-1.493400000000000000e+04	-1.197800000000000000e+04
-1.493200000000000000e+04	-1.198000000000000000e+04
-1.493100000000000000e+04	-1.198200000000000000e+04
-1.493000000000000000e+04	-1.198800000000000000e+04
-1.492800000000000000e+04	-1.199800000000000000e+04
-1.492600000000000000e+04	-1.200400000000000000e+04
-1.492200000000000000e+04	-1.200600000000000000e+04
-1.492100000000000000e+04	-1.201300000000000000e+04
-1.491800000000000000e+04	-1.201700000000000000e+04
-1.491600000000000000e+04	-1.201900000000000000e+04
-1.491500000000000000e+04	-1.202600000000000000e+04
-1.491400000000000000e+04	-1.203000000000000000e+04
-1.491200000000000000e+04	-1.203500000000000000e+04
-1.491000000000000000e+04	-1.204200000000000000e+04
-1.490600000000000000e+04	-1.204900000000000000e+04
-1.490500000000000000e+04	-1.205200000000000000e+04
-1.490300000000000000e+04	-1.205300000000000000e+04
-1.490100000000000000e+04	-1.205500000000000000e+04
-1.490000000000000000e+04	-1.206600000000000000e+04
-1.489700000000000000e+04	-1.206800000000000000e+04
-1.489600000000000000e+04	-1.207500000000000000e+04
-1.489100000000000000e+04	-1.207800000000000000e+04
-1.488900000000000000e+04	-1.209000000000000000e+04
-1.488500000000000000e+04	-1.209100000000000000e+04
-1.488400000000000000e+04	-1.209600000000000000e+04
-1.488300000000000000e+04	-1.209800000000000000e+04
-1.488200000000000000e+04	-1.209900000000000000e+04
-1.488000000000000000e+04	-1.210600000000000000e+04
-1.487900000000000000e+04	-1.211200000000000000e+04
-1.487700000000000000e+04	-1.211800000000000000e+04
-1.487300000000000000e+04	-1.212200000000000000e+04
-1.487200000000000000e+04	-1.212600000000000000e+04
-1.486900000000000000e+04	-1.212700000000000000e+04
-1.486800000000000000e+04	-1.212900000000000000e+04
-1.486700000000000000e+04	-1.213300000000000000e+04
-1.486600000000000000e+04	-1.213500000000000000e+04
-1.486400000000000000e+04	-1.213600000000000000e+04
-1.486300000000000000e+04	-1.214800000000000000e+04
-1.485900000000000000e+04	-1.215100000000000000e+04
-1.485600000000000000e+04	-1.215300000000000000e+04
-1.485500000000000000e+04	-1.215900000000000000e+04
-1.485300000000000000e+04	-1.216400000000000000e+04
-1.485200000000000000e+04	-1.216500000000000000e+04
-1.485100000000000000e+04	-1.217300000000000000e+04
-1.485000000000000000e+04	-1.217400000000000000e+04
-1.484900000000000000e+04	-1.217500000000000000e+04
-1.484800000000000000e+04	-1.217800000000000000e+04
-1.484600000000000000e+04	-1.217900000000000000e+04
-1.484300000000000000e+04	-1.218500000000000000e+04
-1.484100000000000000e+04	-1.218700000000000000e+04
-1.484000000000000000e+04	-1.219200000000000000e+04
-1.483800000000000000e+04	-1.219300000000000000e+04
-1.483700000000000000e+04	-1.220400000000000000e+04
-1.483200000000000000e+04	-1.220800000000000000e+04
-1.483100000000000000e+04	-1.220900000000000000e+04
-1.482900000000000000e+04	-1.221100000000000000e+04
-1.482800000000000000e+04	-1.222100000000000000e+04
-1.482700000000000000e+04	-1.222500000000000000e+04
-1.482300000000000000e+04	-1.222900000000000000e+04
-1.482200000000000000e+04	-1.223400000000000000e+04
-1.481900000000000000e+04	-1.223500000000000000e+04
-1.481800000000000000e+04	-1.224400000000000000e+04
-1.481400000000000000e+04	-1.224900000000000000e+04
-1.481100000000000000e+04	-1.225000000000000000e+04
-1.481000000000000000e+04	-1.225100000000000000e+04
-1.480900000000000000e+04	-1.226200000000000000e+04
-1.480600000000000000e+04	-1.226600000000000000e+04
-1.480500000000000000e+04	-1.227200000000000000e+04
-1.480100000000000000e+04	-1.227300000000000000e+04
-1.480000000000000000e+04	-1.228300000000000000e+04
-1.479700000000000000e+04	-1.228700000000000000e+04
-1.479200000000000000e+04	-1.228800000000000000e+04
-1.479100000000000000e+04	-1.229200000000000000e+04
-1.478900000000000000e+04	-1.229600000000000000e+04
-1.478700000000000000e+04	-1.229900000000000000e+04
-1.478600000000000000e+04	-1.230200000000000000e+04
-1.478400000000000000e+04	-1.230800000000000000e+04
-1.478200000000000000e+04	-1.231000000000000000e+04
-1.478100000000000000e+04	-1.231700000000000000e+04
-1.477900000000000000e+04	-1.231800000000000000e+04
-1.477700000000000000e+04	-1.232300000000000000e+04
-1.477400000000000000e+04	-1.232500000000000000e+04
-1.477300000000000000e+04	-1.232800000000000000e+04
-1.477200000000000000e+04	-1.233100000000000000e+04
-1.476900000000000000e+04	-1.233400000000000000e+04
-1.476700000000000000e+04	-1.233500000000000000e+04
-1.476600000000000000e+04	-1.234800000000000000e+04
-1.476100000000000000e+04	-1.235100000000000000e+04
-1.476000000000000000e+04	-1.235500000000000000e+04
-1.475700000000000000e+04	-1.235700000000000000e+04
-1.475400000000000000e+04	-1.236200000000000000e+04
-1.475300000000000000e+04	-1.236500000000000000e+04
-1.475200000000000000e+04	-1.237000000000000000e+04
-1.474800000000000000e+04	-1.237300000000000000e+04
-1.474600000000000000e+04	-1.237900000000000000e+04
-1.474200000000000000e+04	-1.238800000000000000e+04
-1.473900000000000000e+04	-1.239100000000000000e+04
-1.473700000000000000e+04	-1.239300000000000000e+04
-1.473500000000000000e+04	-1.239900000000000000e+04
-1.473300000000000000e+04	-1.240100000000000000e+04
-1.473200000000000000e+04	-1.240300000000000000e+04
-1.473000000000000000e+04	-1.240400000000000000e+04
-1.472800000000000000e+04	-1.240600000000000000e+04
-1.472700000000000000e+04	-1.241600000000000000e+04
-1.472200000000000000e+04	-1.241700000000000000e+04
-1.472100000000000000e+04	-1.241900000000000000e+04
-1.472000000000000000e+04	-1.242200000000000000e+04
-1.471900000000000000e+04	-1.242600000000000000e+04
-1.471700000000000000e+04	-1.243200000000000000e+04
-1.471300000000000000e+04	-1.243500000000000000e+04
-1.471100000000000000e+04	-1.243900000000000000e+04
-1.470900000000000000e+04	-1.244000000000000000e+04
-1.470800000000000000e+04	-1.244500000000000000e+04
-1.470500000000000000e+04	-1.244600000000000000e+04
-1.470400000000000000e+04	-1.244900000000000000e+04
-1.470300000000000000e+04	-1.245300000000000000e+04
-1.470200000000000000e+04	-1.245600000000000000e+04
-1.470000000000000000e+04	-1.245800000000000000e+04
-1.469900000000000000e+04	-1.245900000000000000e+04
-1.469800000000000000e+04	-1.246000000000000000e+04
-1.469700000000000000e+04	-1.246100000000000000e+04
-1.469500000000000000e+04	-1.246300000000000000e+04
-1.469400000000000000e+04	-1.246500000000000000e+04
-1.469300000000000000e+04	-1.246700000000000000e+04
-1.469200000000000000e+04	-1.246900000000000000e+04
-1.469100000000000000e+04	-1.247400000000000000e+04
-1.468900000000000000e+04	-1.248000000000000000e+04
-1.468400000000000000e+04	-1.248600000000000000e+04
-1.468300000000000000e+04	-1.248700000000000000e+04
-1.468200000000000000e+04	-1.248800000000000000e+04
-1.468000000000000000e+04	-1.249000000000000000e+04
-1.467900000000000000e+04	-1.249100000000000000e+04
-1.467800000000000000e+04	-1.249200000000000000e+04
-1.467700000000000000e+04	-1.249900000000000000e+04
-1.467400000000000000e+04	-1.250000000000000000e+04
-1.467300000000000000e+04	-1.250200000000000000e+04
-1.467100000000000000e+04	-1.250800000000000000e+04
-1.466900000000000000e+04	-1.251300000000000000e+04
-1.466400000000000000e+04	-1.251500000000000000e+04
-1.466300000000000000e+04	-1.251600000000000000e+04
-1.466200000000000000e+04	-1.252300000000000000e+04
-1.466100000000000000e+04	-1.252800000000000000e+04
-1.465900000000000000e+04	-1.252900000000000000e+04
-1.465600000000000000e+04	-1.253100000000000000e+04
-1.465500000000000000e+04	-1.253300000000000000e+04
-1.465300000000000000e+04	-1.253500000000000000e+04
-1.465200000000000000e+04	-1.253800000000000000e+04
-1.465000000000000000e+04	-1.254000000000000000e+04
-1.464900000000000000e+04	-1.254200000000000000e+04
-1.464800000000000000e+04	-1.254400000000000000e+04
-1.464600000000000000e+04	-1.255100000000000000e+04
-1.464200000000000000e+04	-1.255200000000000000e+04
-1.464100000000000000e+04	-1.255500000000000000e+04
-1.464000000000000000e+04	-1.256100000000000000e+04
-1.463900000000000000e+04	-1.256300000000000000e+04
-1.463400000000000000e+04	-1.256600000000000000e+04
-1.463300000000000000e+04	-1.257000000000000000e+04
-1.463100000000000000e+04	-1.257100000000000000e+04
-1.463000000000000000e+04	-1.257400000000000000e+04
-1.462900000000000000e+04	-1.257600000000000000e+04
-1.462800000000000000e+04	-1.257700000000000000e+04
-1.462700000000000000e+04	-1.257800000000000000e+04
-1.462600000000000000e+04	-1.258100000000000000e+04
-1.462500000000000000e+04	-1.258200000000000000e+04
-1.462300000000000000e+04	-1.258300000000000000e+04
-1.462200000000000000e+04	-1.258700000000000000e+04
-1.462100000000000000e+04	-1.258900000000000000e+04
-1.462000000000000000e+04	-1.259400000000000000e+04
-1.461600000000000000e+04	-1.259600000000000000e+04
-1.461500000000000000e+04	-1.259900000000000000e+04
-1.461300000000000000e+04	-1.260000000000000000e+04
-1.461200000000000000e+04	-1.260100000000000000e+04
-1.461100000000000000e+04	-1.260200000000000000e+04
-1.461000000000000000e+04	-1.260600000000000000e+04
-1.460800000000000000e+04	-1.260800000000000000e+04
-1.460600000000000000e+04	-1.261400000000000000e+04
-1.460400000000000000e+04	-1.261600000000000000e+04
-1.460100000000000000e+04	-1.261800000000000000e+04
-1.460000000000000000e+04	-1.261900000000000000e+04
-1.459900000000000000e+04	-1.262200000000000000e+04
-1.459800000000000000e+04	-1.263100000000000000e+04
-1.459600000000000000e+04	-1.263200000000000000e+04
-1.459300000000000000e+04	-1.263600000000000000e+04
-1.459100000000000000e+04	-1.263700000000000000e+04
-1.458900000000000000e+04	-1.264000000000000000e+04
-1.458600000000000000e+04	-1.264200000000000000e+04
-1.458400000000000000e+04	-1.264300000000000000e+04
-1.458300000000000000e+04	-1.264700000000000000e+04
-1.458100000000000000e+04	-1.264900000000000000e+04
-1.458000000000000000e+04	-1.265300000000000000e+04
-1.457800000000000000e+04	-1.265600000000000000e+04
-1.457700000000000000e+04	-1.265700000000000000e+04
-1.457500000000000000e+04	-1.266100000000000000e+04
-1.457300000000000000e+04	-1.266300000000000000e+04
-1.457100000000000000e+04	-1.266700000000000000e+04
-1.456800000000000000e+04	-1.267200000000000000e+04
-1.456700000000000000e+04	-1.267400000000000000e+04
-1.456600000000000000e+04	-1.267700000000000000e+04
-1.456100000000000000e+04	-1.267800000000000000e+04
-1.456000000000000000e+04	-1.268100000000000000e+04
-1.455900000000000000e+04	-1.268500000000000000e+04
-1.455600000000000000e+04	-1.268800000000000000e+04
-1.455500000000000000e+04	-1.269000000000000000e+04
-1.455300000000000000e+04	-1.269300000000000000e+04
-1.455100000000000000e+04	-1.269800000000000000e+04
-1.454500000000000000e+04	-1.270300000000000000e+04
-1.454400000000000000e+04	-1.270700000000000000e+04
-1.454300000000000000e+04	-1.270800000000000000e+04
-1.454000000000000000e+04	-1.270900000000000000e+04
-1.453900000000000000e+04	-1.271300000000000000e+04
-1.453500000000000000e+04	-1.271400000000000000e+04
-1.453400000000000000e+04	-1.271800000000000000e+04
-1.453300000000000000e+04	-1.272000000000000000e+04
-1.453100000000000000e+04	-1.273000000000000000e+04
-1.452300000000000000e+04	-1.273300000000000000e+04
-1.452200000000000000e+04	-1.273500000000000000e+04
-1.451900000000000000e+04	-1.273700000000000000e+04
-1.451800000000000000e+04	-1.273900000000000000e+04
-1.451700000000000000e+04	-1.274000000000000000e+04
-1.451600000000000000e+04	-1.274200000000000000e+04
-1.451500000000000000e+04	-1.274300000000000000e+04
-1.451300000000000000e+04	-1.275100000000000000e+04
-1.450900000000000000e+04	-1.275400000000000000e+04
-1.450700000000000000e+04	-1.276100000000000000e+04
-1.450100000000000000e+04	-1.276300000000000000e+04
-1.450000000000000000e+04	-1.276900000000000000e+04
-1.449600000000000000e+04	-1.277200000000000000e+04
-1.449500000000000000e+04	-1.277400000000000000e+04
-1.449200000000000000e+04	-1.277900000000000000e+04
-1.448700000000000000e+04	-1.278000000000000000e+04
-1.448600000000000000e+04	-1.278700000000000000e+04
-1.448300000000000000e+04	-1.279000000000000000e+04
-1.447900000000000000e+04	-1.279300000000000000e+04
-1.447800000000000000e+04	-1.279400000000000000e+04
-1.447600000000000000e+04	-1.279500000000000000e+04
-1.447400000000000000e+04	-1.279800000000000000e+04
-1.447300000000000000e+04	-1.280100000000000000e+04
-1.447200000000000000e+04	-1.280200000000000000e+04
-1.447000000000000000e+04	-1.280300000000000000e+04
-1.446900000000000000e+04	-1.280800000000000000e+04
-1.446700000000000000e+04	-1.280900000000000000e+04
-1.446600000000000000e+04	-1.281300000000000000e+04
-1.446200000000000000e+04	-1.281600000000000000e+04
-1.446000000000000000e+04	-1.281800000000000000e+04
-1.445900000000000000e+04	-1.282000000000000000e+04
-1.445800000000000000e+04	-1.282100000000000000e+04
-1.445600000000000000e+04	-1.282300000000000000e+04
-1.445400000000000000e+04	-1.282400000000000000e+04
-1.445200000000000000e+04	-1.283200000000000000e+04
-1.444700000000000000e+04	-1.283600000000000000e+04
-1.444400000000000000e+04	-1.284100000000000000e+04
-1.444000000000000000e+04	-1.284800000000000000e+04
-1.443700000000000000e+04	-1.284900000000000000e+04
-1.443500000000000000e+04	-1.285000000000000000e+04
-1.443400000000000000e+04	-1.285100000000000000e+04
-1.443100000000000000e+04	-1.285500000000000000e+04
-1.443000000000000000e+04	-1.285700000000000000e+04
-1.442800000000000000e+04	-1.285800000000000000e+04
-1.442700000000000000e+04	-1.285900000000000000e+04
-1.442600000000000000e+04	-1.286100000000000000e+04
-1.442500000000000000e+04	-1.286400000000000000e+04
-1.442200000000000000e+04	-1.286600000000000000e+04
-1.442000000000000000e+04	-1.286800000000000000e+04
-1.441900000000000000e+04	-1.287100000000000000e+04
-1.441600000000000000e+04	-1.287200000000000000e+04
-1.441400000000000000e+04	-1.287500000000000000e+04
-1.441300000000000000e+04	-1.287800000000000000e+04
-1.441200000000000000e+04	-1.287900000000000000e+04
-1.441000000000000000e+04	-1.288300000000000000e+04
-1.440700000000000000e+04	-1.288700000000000000e+04
-1.440500000000000000e+04	-1.288800000000000000e+04
-1.440400000000000000e+04	-1.288900000000000000e+04
-1.440100000000000000e+04	-1.289400000000000000e+04
-1.439700000000000000e+04	-1.289500000000000000e+04
-1.439600000000000000e+04	-1.289800000000000000e+04
-1.439400000000000000e+04	-1.290000000000000000e+04
-1.439200000000000000e+04	-1.290300000000000000e+04
-1.439000000000000000e+04	-1.290500000000000000e+04
-1.438800000000000000e+04	-1.290600000000000000e+04
-1.438700000000000000e+04	-1.290800000000000000e+04
-1.438600000000000000e+04	-1.291200000000000000e+04
-1.438400000000000000e+04	-1.291300000000000000e+04
-1.438200000000000000e+04	-1.291400000000000000e+04
-1.438000000000000000e+04	-1.291500000000000000e+04
-1.437900000000000000e+04	-1.291800000000000000e+04
-1.437800000000000000e+04	-1.292100000000000000e+04
-1.437500000000000000e+04	-1.292400000000000000e+04
-1.437300000000000000e+04	-1.292800000000000000e+04
-1.437000000000000000e+04	-1.292900000000000000e+04
-1.436700000000000000e+04	-1.293200000000000000e+04
-1.436600000000000000e+04	-1.293300000000000000e+04
-1.436400000000000000e+04	-1.293500000000000000e+04
-1.436200000000000000e+04	-1.293900000000000000e+04
-1.436000000000000000e+04	-1.294200000000000000e+04
-1.435800000000000000e+04	-1.294700000000000000e+04
-1.435600000000000000e+04	-1.295100000000000000e+04
-1.435100000000000000e+04	-1.295300000000000000e+04
-1.434800000000000000e+04	-1.295600000000000000e+04
-1.434700000000000000e+04	-1.295900000000000000e+04
-1.434600000000000000e+04	-1.296000000000000000e+04
-1.434500000000000000e+04	-1.296100000000000000e+04
-1.434100000000000000e+04	-1.296200000000000000e+04
-1.434000000000000000e+04	-1.296400000000000000e+04
-1.433900000000000000e+04	-1.296500000000000000e+04
-1.433800000000000000e+04	-1.296700000000000000e+04
-1.433600000000000000e+04	-1.296900000000000000e+04
-1.433500000000000000e+04	-1.297100000000000000e+04
-1.433300000000000000e+04	-1.297500000000000000e+04
-1.432900000000000000e+04	-1.298200000000000000e+04
-1.432300000000000000e+04	-1.298500000000000000e+04
-1.432200000000000000e+04	-1.298600000000000000e+04
-1.432000000000000000e+04	-1.298700000000000000e+04
-1.431900000000000000e+04	-1.298800000000000000e+04
-1.431800000000000000e+04	-1.299000000000000000e+04
-1.431700000000000000e+04	-1.299200000000000000e+04
-1.431400000000000000e+04	-1.299400000000000000e+04
-1.431300000000000000e+04	-1.299600000000000000e+04
-1.431100000000000000e+04	-1.299900000000000000e+04
-1.431000000000000000e+04	-1.300100000000000000e+04
-1.430700000000000000e+04	-1.300200000000000000e+04
-1.430600000000000000e+04	-1.300300000000000000e+04
-1.430500000000000000e+04	-1.300800000000000000e+04
-1.430100000000000000e+04	-1.301200000000000000e+04
-1.429800000000000000e+04	-1.301300000000000000e+04
-1.429700000000000000e+04	-1.301500000000000000e+04
-1.429500000000000000e+04	-1.301700000000000000e+04
-1.429300000000000000e+04	-1.301800000000000000e+04
-1.429200000000000000e+04	-1.302000000000000000e+04
-1.429100000000000000e+04	-1.302100000000000000e+04
-1.428900000000000000e+04	-1.302700000000000000e+04
-1.428700000000000000e+04	-1.302800000000000000e+04
-1.428600000000000000e+04	-1.303000000000000000e+04
-1.428200000000000000e+04	-1.303100000000000000e+04
-1.428100000000000000e+04	-1.303400000000000000e+04
-1.427800000000000000e+04	-1.303600000000000000e+04
-1.427700000000000000e+04	-1.303700000000000000e+04
-1.427600000000000000e+04	-1.304000000000000000e+04
-1.427400000000000000e+04	-1.304200000000000000e+04
-1.427300000000000000e+04	-1.304500000000000000e+04
-1.426800000000000000e+04	-1.304800000000000000e+04
-1.426600000000000000e+04	-1.305000000000000000e+04
-1.426400000000000000e+04	-1.305200000000000000e+04
-1.426300000000000000e+04	-1.305300000000000000e+04
-1.426000000000000000e+04	-1.305500000000000000e+04
-1.425900000000000000e+04	-1.305800000000000000e+04
-1.425700000000000000e+04	-1.305900000000000000e+04
-1.425500000000000000e+04	-1.306100000000000000e+04
-1.425400000000000000e+04	-1.306500000000000000e+04
-1.425200000000000000e+04	-1.306600000000000000e+04
-1.425100000000000000e+04	-1.306700000000000000e+04
-1.424900000000000000e+04	-1.306900000000000000e+04
-1.424800000000000000e+04	-1.307200000000000000e+04
-1.424600000000000000e+04	-1.307300000000000000e+04
-1.424500000000000000e+04	-1.307400000000000000e+04
-1.424300000000000000e+04	-1.307600000000000000e+04
-1.424200000000000000e+04	-1.307800000000000000e+04
-1.423900000000000000e+04	-1.307900000000000000e+04
-1.423800000000000000e+04	-1.308200000000000000e+04
-1.423600000000000000e+04	-1.308400000000000000e+04
-1.423400000000000000e+04	-1.308500000000000000e+04
-1.423200000000000000e+04	-1.308700000000000000e+04
-1.423100000000000000e+04	-1.309300000000000000e+04
-1.422700000000000000e+04	-1.309400000000000000e+04
-1.422500000000000000e+04	-1.309600000000000000e+04
-1.422400000000000000e+04	-1.309700000000000000e+04
-1.422200000000000000e+04	-1.309800000000000000e+04
-1.422100000000000000e+04	-1.309900000000000000e+04
-1.422000000000000000e+04	-1.310100000000000000e+04
-1.421900000000000000e+04	-1.310300000000000000e+04
-1.421600000000000000e+04	-1.310400000000000000e+04
-1.421500000000000000e+04	-1.310900000000000000e+04
-1.421000000000000000e+04	-1.311000000000000000e+04
-1.420900000000000000e+04	-1.311400000000000000e+04
-1.420700000000000000e+04	-1.311500000000000000e+04
-1.420500000000000000e+04	-1.311700000000000000e+04
-1.420300000000000000e+04	-1.311900000000000000e+04
-1.420200000000000000e+04	-1.312000000000000000e+04
-1.420000000000000000e+04	-1.312500000000000000e+04
-1.419900000000000000e+04	-1.312600000000000000e+04
-1.419500000000000000e+04	-1.312700000000000000e+04
-1.419400000000000000e+04	-1.312800000000000000e+04
-1.419300000000000000e+04	-1.313000000000000000e+04
-1.419100000000000000e+04	-1.313100000000000000e+04
-1.419000000000000000e+04	-1.313200000000000000e+04
-1.418900000000000000e+04	-1.313400000000000000e+04
-1.418700000000000000e+04	-1.313600000000000000e+04
-1.418600000000000000e+04	-1.313700000000000000e+04
-1.418400000000000000e+04	-1.314000000000000000e+04
-1.418200000000000000e+04	-1.314200000000000000e+04
-1.418100000000000000e+04	-1.314500000000000000e+04
-1.417800000000000000e+04	-1.314600000000000000e+04
-1.417700000000000000e+04	-1.314700000000000000e+04
-1.417600000000000000e+04	-1.315000000000000000e+04
-1.417400000000000000e+04	-1.315400000000000000e+04
-1.417100000000000000e+04	-1.315500000000000000e+04
-1.416800000000000000e+04	-1.315600000000000000e+04
-1.416700000000000000e+04	-1.315700000000000000e+04
-1.416600000000000000e+04	-1.315900000000000000e+04
-1.416400000000000000e+04	-1.316200000000000000e+04
-1.416100000000000000e+04	-1.316300000000000000e+04
-1.416000000000000000e+04	-1.316400000000000000e+04
-1.415800000000000000e+04	-1.316600000000000000e+04
-1.415700000000000000e+04	-1.316700000000000000e+04
-1.415600000000000000e+04	-1.316800000000000000e+04
-1.415500000000000000e+04	-1.317300000000000000e+04
-1.415400000000000000e+04	-1.317500000000000000e+04
-1.415300000000000000e+04	-1.317600000000000000e+04
-1.414900000000000000e+04	-1.317700000000000000e+04
-1.414700000000000000e+04	-1.317900000000000000e+04
-1.414500000000000000e+04	-1.318200000000000000e+04
-1.414400000000000000e+04	-1.318500000000000000e+04
-1.414100000000000000e+04	-1.318600000000000000e+04
-1.413900000000000000e+04	-1.319100000000000000e+04
-1.413400000000000000e+04	-1.319200000000000000e+04
-1.413200000000000000e+04	-1.319400000000000000e+04
-1.413100000000000000e+04	-1.319700000000000000e+04
-1.413000000000000000e+04	-1.319800000000000000e+04
-1.412900000000000000e+04	-1.320100000000000000e+04
-1.412600000000000000e+04	-1.320300000000000000e+04
-1.412300000000000000e+04	-1.320600000000000000e+04
-1.412100000000000000e+04	-1.320700000000000000e+04
-1.411900000000000000e+04	-1.320800000000000000e+04
-1.411700000000000000e+04	-1.321100000000000000e+04
-1.411600000000000000e+04	-1.321200000000000000e+04
-1.411500000000000000e+04	-1.321600000000000000e+04
-1.411100000000000000e+04	-1.322100000000000000e+04
-1.410800000000000000e+04	-1.322200000000000000e+04
-1.410300000000000000e+04	-1.322400000000000000e+04
-1.410200000000000000e+04	-1.322700000000000000e+04
-1.410000000000000000e+04	-1.323000000000000000e+04
-1.409900000000000000e+04	-1.323100000000000000e+04
-1.409800000000000000e+04	-1.323200000000000000e+04
-1.409600000000000000e+04	-1.323300000000000000e+04
-1.409400000000000000e+04	-1.323600000000000000e+04
-1.409100000000000000e+04	-1.323700000000000000e+04
-1.409000000000000000e+04	-1.323900000000000000e+04
-1.408900000000000000e+04	-1.324200000000000000e+04
-1.408700000000000000e+04	-1.324400000000000000e+04
-1.408300000000000000e+04	-1.324500000000000000e+04
-1.408200000000000000e+04	-1.324700000000000000e+04
-1.408100000000000000e+04	-1.324900000000000000e+04
-1.407800000000000000e+04	-1.325200000000000000e+04
-1.407500000000000000e+04	-1.325500000000000000e+04
-1.407400000000000000e+04	-1.325900000000000000e+04
-1.407100000000000000e+04	-1.326000000000000000e+04
-1.406800000000000000e+04	-1.326100000000000000e+04
-1.406700000000000000e+04	-1.326200000000000000e+04
-1.406600000000000000e+04	-1.326300000000000000e+04
-1.406500000000000000e+04	-1.326500000000000000e+04
-1.406300000000000000e+04	-1.326700000000000000e+04
-1.406000000000000000e+04	-1.327000000000000000e+04
-1.405800000000000000e+04	-1.327400000000000000e+04
-1.405600000000000000e+04	-1.327500000000000000e+04
-1.405300000000000000e+04	-1.327600000000000000e+04
-1.405100000000000000e+04	-1.327800000000000000e+04
-1.405000000000000000e+04	-1.328000000000000000e+04
-1.404900000000000000e+04	-1.328300000000000000e+04
-1.404700000000000000e+04	-1.328400000000000000e+04
-1.404400000000000000e+04	-1.328500000000000000e+04
-1.404300000000000000e+04	-1.328600000000000000e+04
-1.404200000000000000e+04	-1.328700000000000000e+04
-1.404100000000000000e+04	-1.328900000000000000e+04
-1.403800000000000000e+04	-1.329200000000000000e+04
-1.403500000000000000e+04	-1.329400000000000000e+04
-1.403300000000000000e+04	-1.329600000000000000e+04
-1.403000000000000000e+04	-1.329800000000000000e+04
-1.402900000000000000e+04	-1.330000000000000000e+04
-1.402800000000000000e+04	-1.330300000000000000e+04
-1.402400000000000000e+04	-1.330400000000000000e+04
-1.402300000000000000e+04	-1.330500000000000000e+04
-1.402200000000000000e+04	-1.330600000000000000e+04
-1.402100000000000000e+04	-1.330800000000000000e+04
-1.401900000000000000e+04	-1.330900000000000000e+04
-1.401800000000000000e+04	-1.331200000000000000e+04
-1.401600000000000000e+04	-1.331400000000000000e+04
-1.401400000000000000e+04	-1.331600000000000000e+04
-1.401100000000000000e+04	-1.331700000000000000e+04
-1.401000000000000000e+04	-1.331800000000000000e+04
-1.400900000000000000e+04	-1.332400000000000000e+04
-1.400600000000000000e+04	-1.332500000000000000e+04
-1.400300000000000000e+04	-1.332600000000000000e+04
-1.400200000000000000e+04	-1.332900000000000000e+04
-1.399800000000000000e+04	-1.333100000000000000e+04
-1.399500000000000000e+04	-1.333400000000000000e+04
-1.399300000000000000e+04	-1.333500000000000000e+04
-1.399000000000000000e+04	-1.333900000000000000e+04
-1.398700000000000000e+04	-1.334200000000000000e+04
-1.398600000000000000e+04	-1.334400000000000000e+04
-1.398300000000000000e+04	-1.335100000000000000e+04
-1.397700000000000000e+04	-1.335200000000000000e+04
-1.397300000000000000e+04	-1.335500000000000000e+04
-1.397200000000000000e+04	-1.335700000000000000e+04
-1.397100000000000000e+04	-1.335800000000000000e+04
-1.397000000000000000e+04	-1.335900000000000000e+04
-1.396900000000000000e+04	-1.336100000000000000e+04
-1.396500000000000000e+04	-1.336400000000000000e+04
-1.396100000000000000e+04	-1.336700000000000000e+04
-1.395800000000000000e+04	-1.336800000000000000e+04
-1.395700000000000000e+04	-1.336900000000000000e+04
-1.395600000000000000e+04	-1.337200000000000000e+04
-1.395300000000000000e+04	-1.337500000000000000e+04
-1.395000000000000000e+04	-1.337700000000000000e+04
-1.394900000000000000e+04	-1.337900000000000000e+04
-1.394800000000000000e+04	-1.338000000000000000e+04
-1.394500000000000000e+04	-1.338100000000000000e+04
-1.394400000000000000e+04	-1.338500000000000000e+04
-1.394000000000000000e+04	-1.338700000000000000e+04
-1.393700000000000000e+04	-1.338900000000000000e+04
-1.393400000000000000e+04	-1.339000000000000000e+04
-1.393300000000000000e+04	-1.339200000000000000e+04
-1.393100000000000000e+04	-1.339300000000000000e+04
-1.392900000000000000e+04	-1.339500000000000000e+04
-1.392800000000000000e+04	-1.339600000000000000e+04
-1.392700000000000000e+04	-1.339800000000000000e+04
-1.392600000000000000e+04	-1.340200000000000000e+04
-1.392100000000000000e+04	-1.340700000000000000e+04
-1.391800000000000000e+04	-1.341000000000000000e+04
-1.391200000000000000e+04	-1.341500000000000000e+04
-1.391000000000000000e+04	-1.341600000000000000e+04
-1.390700000000000000e+04	-1.341800000000000000e+04
-1.390400000000000000e+04	-1.341900000000000000e+04
-1.390300000000000000e+04	-1.342000000000000000e+04
-1.390200000000000000e+04	-1.342100000000000000e+04
-1.390100000000000000e+04	-1.342200000000000000e+04
-1.390000000000000000e+04	-1.342300000000000000e+04
-1.389900000000000000e+04	-1.342400000000000000e+04
-1.389700000000000000e+04	-1.342700000000000000e+04
-1.389400000000000000e+04	-1.342900000000000000e+04
-1.389200000000000000e+04	-1.343000000000000000e+04
-1.389100000000000000e+04	-1.343100000000000000e+04
-1.388800000000000000e+04	-1.343300000000000000e+04
-1.388700000000000000e+04	-1.343600000000000000e+04
-1.388500000000000000e+04	-1.343700000000000000e+04
-1.388400000000000000e+04	-1.343800000000000000e+04
-1.388200000000000000e+04	-1.344000000000000000e+04
-1.388000000000000000e+04	-1.344300000000000000e+04
-1.387600000000000000e+04	-1.344700000000000000e+04
-1.387500000000000000e+04	-1.344900000000000000e+04
-1.386900000000000000e+04	-1.345000000000000000e+04
-1.386800000000000000e+04	-1.345300000000000000e+04
-1.386400000000000000e+04	-1.345700000000000000e+04
-1.386100000000000000e+04	-1.345800000000000000e+04
-1.385800000000000000e+04	-1.346200000000000000e+04
-1.385500000000000000e+04	-1.346300000000000000e+04
-1.385300000000000000e+04	-1.346500000000000000e+04
-1.385200000000000000e+04	-1.346600000000000000e+04
-1.385100000000000000e+04	-1.346700000000000000e+04
-1.385000000000000000e+04	-1.346800000000000000e+04
-1.384900000000000000e+04	-1.346900000000000000e+04
-1.384700000000000000e+04	-1.347000000000000000e+04
-1.384600000000000000e+04	-1.347200000000000000e+04
-1.384400000000000000e+04	-1.347300000000000000e+04
-1.384300000000000000e+04	-1.347600000000000000e+04
-1.384200000000000000e+04	-1.348000000000000000e+04
-1.383800000000000000e+04	-1.348100000000000000e+04
-1.383500000000000000e+04	-1.348200000000000000e+04
-1.383200000000000000e+04	-1.348500000000000000e+04
-1.383100000000000000e+04	-1.348900000000000000e+04
-1.382700000000000000e+04	-1.349100000000000000e+04
-1.382600000000000000e+04	-1.349200000000000000e+04
-1.382200000000000000e+04	-1.349300000000000000e+04
-1.381900000000000000e+04	-1.349500000000000000e+04
-1.381800000000000000e+04	-1.349600000000000000e+04
-1.381700000000000000e+04	-1.349700000000000000e+04
-1.381400000000000000e+04	-1.349800000000000000e+04
-1.381300000000000000e+04	-1.350300000000000000e+04
-1.380900000000000000e+04	-1.350500000000000000e+04
-1.380700000000000000e+04	-1.350800000000000000e+04
-1.380200000000000000e+04	-1.351000000000000000e+04
-1.380100000000000000e+04	-1.351100000000000000e+04
-1.379900000000000000e+04	-1.351200000000000000e+04
-1.379800000000000000e+04	-1.351300000000000000e+04
-1.379700000000000000e+04	-1.351400000000000000e+04
-1.379600000000000000e+04	-1.351600000000000000e+04
-1.379500000000000000e+04	-1.351700000000000000e+04
-1.379400000000000000e+04	-1.352000000000000000e+04
-1.378900000000000000e+04	-1.352100000000000000e+04
-1.378800000000000000e+04	-1.352200000000000000e+04
-1.378600000000000000e+04	-1.352500000000000000e+04
-1.378500000000000000e+04	-1.352700000000000000e+04
-1.378200000000000000e+04	-1.352800000000000000e+04
-1.378100000000000000e+04	-1.353100000000000000e+04
-1.377700000000000000e+04	-1.353300000000000000e+04
-1.377300000000000000e+04	-1.353400000000000000e+04
-1.377200000000000000e+04	-1.353500000000000000e+04
-1.377100000000000000e+04	-1.353800000000000000e+04
-1.377000000000000000e+04	-1.354000000000000000e+04
-1.376700000000000000e+04	-1.354100000000000000e+04
-1.376300000000000000e+04	-1.354300000000000000e+04
-1.376200000000000000e+04	-1.354500000000000000e+04
-1.375800000000000000e+04	-1.354600000000000000e+04
-1.375700000000000000e+04	-1.354700000000000000e+04
-1.375600000000000000e+04	-1.354800000000000000e+04
-1.375500000000000000e+04	-1.355000000000000000e+04
-1.375200000000000000e+04	-1.355200000000000000e+04
-1.375000000000000000e+04	-1.355300000000000000e+04
-1.374900000000000000e+04	-1.355400000000000000e+04
-1.374800000000000000e+04	-1.355500000000000000e+04
-1.374700000000000000e+04	-1.355700000000000000e+04
-1.374500000000000000e+04	-1.356200000000000000e+04
-1.374100000000000000e+04	-1.356400000000000000e+04
-1.373800000000000000e+04	-1.356500000000000000e+04
-1.373600000000000000e+04	-1.356900000000000000e+04
-1.373100000000000000e+04	-1.357100000000000000e+04
-1.372900000000000000e+04	-1.357200000000000000e+04
-1.372800000000000000e+04	-1.357500000000000000e+04
-1.372400000000000000e+04	-1.357600000000000000e+04
-1.372300000000000000e+04	-1.357700000000000000e+04
-1.372100000000000000e+04	-1.357800000000000000e+04
-1.372000000000000000e+04	-1.358100000000000000e+04
-1.371700000000000000e+04	-1.358600000000000000e+04
-1.371100000000000000e+04	-1.358700000000000000e+04
-1.371000000000000000e+04	-1.358800000000000000e+04
-1.370800000000000000e+04	-1.358900000000000000e+04
-1.370700000000000000e+04	-1.359200000000000000e+04
-1.370500000000000000e+04	-1.359400000000000000e+04
-1.370100000000000000e+04	-1.359500000000000000e+04
-1.370000000000000000e+04	-1.359600000000000000e+04
-1.369900000000000000e+04	-1.359700000000000000e+04
-1.369800000000000000e+04	-1.359800000000000000e+04
-1.369500000000000000e+04	-1.359900000000000000e+04
-1.369400000000000000e+04	-1.360000000000000000e+04
-1.369300000000000000e+04	-1.360100000000000000e+04
-1.369200000000000000e+04	-1.360400000000000000e+04
-1.369000000000000000e+04	-1.360500000000000000e+04
-1.368800000000000000e+04	-1.360600000000000000e+04
-1.368600000000000000e+04	-1.360900000000000000e+04
-1.368400000000000000e+04	-1.361100000000000000e+04
-1.368100000000000000e+04	-1.361400000000000000e+04
-1.367800000000000000e+04	-1.361500000000000000e+04
-1.367300000000000000e+04	-1.361700000000000000e+04
-1.367200000000000000e+04	-1.361800000000000000e+04
-1.367100000000000000e+04	-1.362100000000000000e+04
-1.366900000000000000e+04	-1.362600000000000000e+04
-1.366100000000000000e+04	-1.362800000000000000e+04
-1.365900000000000000e+04	-1.363000000000000000e+04
-1.365800000000000000e+04	-1.363200000000000000e+04
-1.365400000000000000e+04	-1.363400000000000000e+04
-1.365200000000000000e+04	-1.363500000000000000e+04
-1.365000000000000000e+04	-1.363800000000000000e+04
-1.364700000000000000e+04	-1.363900000000000000e+04
-1.364500000000000000e+04	-1.364300000000000000e+04
-1.364300000000000000e+04	-1.364400000000000000e+04
-1.364200000000000000e+04	-1.364500000000000000e+04
-1.363700000000000000e+04	-1.364600000000000000e+04
-1.363600000000000000e+04	-1.364700000000000000e+04
-1.363500000000000000e+04	-1.364800000000000000e+04
-1.363300000000000000e+04	-1.365000000000000000e+04
-1.363000000000000000e+04	-1.365100000000000000e+04
-1.362900000000000000e+04	-1.365300000000000000e+04
-1.362800000000000000e+04	-1.365500000000000000e+04
-1.362600000000000000e+04	-1.365600000000000000e+04
-1.362400000000000000e+04	-1.365900000000000000e+04
-1.362300000000000000e+04	-1.366300000000000000e+04
-1.361300000000000000e+04	-1.366800000000000000e+04
-1.361000000000000000e+04	-1.367000000000000000e+04
-1.360700000000000000e+04	-1.367100000000000000e+04
-1.360300000000000000e+04	-1.367200000000000000e+04
-1.360100000000000000e+04	-1.367300000000000000e+04
-1.360000000000000000e+04	-1.367900000000000000e+04
-1.359400000000000000e+04	-1.368000000000000000e+04
-1.359100000000000000e+04	-1.368100000000000000e+04
-1.359000000000000000e+04	-1.368200000000000000e+04
-1.358800000000000000e+04	-1.368700000000000000e+04
-1.358600000000000000e+04	-1.368800000000000000e+04
-1.358100000000000000e+04	-1.369000000000000000e+04
-1.357700000000000000e+04	-1.369300000000000000e+04
-1.357400000000000000e+04	-1.369600000000000000e+04
-1.357000000000000000e+04	-1.369700000000000000e+04
-1.356900000000000000e+04	-1.369900000000000000e+04
-1.356400000000000000e+04	-1.370000000000000000e+04
-1.356300000000000000e+04	-1.370200000000000000e+04
-1.356000000000000000e+04	-1.371100000000000000e+04
-1.355000000000000000e+04	-1.371500000000000000e+04
-1.354500000000000000e+04	-1.371600000000000000e+04
-1.354200000000000000e+04	-1.371700000000000000e+04
-1.353800000000000000e+04	-1.372100000000000000e+04
-1.353700000000000000e+04	-1.372600000000000000e+04
-1.352600000000000000e+04	-1.372800000000000000e+04
-1.352500000000000000e+04	-1.372900000000000000e+04
-1.352400000000000000e+04	-1.373100000000000000e+04
-1.352000000000000000e+04	-1.373200000000000000e+04
-1.351700000000000000e+04	-1.373700000000000000e+04
-1.350800000000000000e+04	-1.374000000000000000e+04
-1.350400000000000000e+04	-1.374100000000000000e+04
-1.350300000000000000e+04	-1.374200000000000000e+04
-1.350100000000000000e+04	-1.374300000000000000e+04
-1.350000000000000000e+04	-1.374700000000000000e+04
-1.349600000000000000e+04	-1.375100000000000000e+04
-1.348400000000000000e+04	-1.375300000000000000e+04
-1.348200000000000000e+04	-1.375700000000000000e+04
-1.347900000000000000e+04	-1.376000000000000000e+04
-1.347500000000000000e+04	-1.376200000000000000e+04
-1.346800000000000000e+04	-1.376600000000000000e+04
-1.346200000000000000e+04	-1.376800000000000000e+04
-1.345900000000000000e+04	-1.376900000000000000e+04
-1.345800000000000000e+04	-1.377000000000000000e+04
-1.345700000000000000e+04	-1.377100000000000000e+04
-1.345400000000000000e+04	-1.377200000000000000e+04
-1.345300000000000000e+04	-1.377300000000000000e+04
-1.345100000000000000e+04	-1.377500000000000000e+04
-1.344900000000000000e+04	-1.377700000000000000e+04
-1.344400000000000000e+04	-1.378100000000000000e+04
-1.343800000000000000e+04	-1.378400000000000000e+04
-1.343700000000000000e+04	-1.378500000000000000e+04
-1.343500000000000000e+04	-1.378700000000000000e+04
-1.342800000000000000e+04	-1.378900000000000000e+04
-1.342300000000000000e+04	-1.379100000000000000e+04
-1.342200000000000000e+04	-1.379200000000000000e+04
-1.341900000000000000e+04	-1.379300000000000000e+04
-1.341600000000000000e+04	-1.379400000000000000e+04
-1.341500000000000000e+04	-1.379500000000000000e+04
-1.341400000000000000e+04	-1.379700000000000000e+04
-1.341100000000000000e+04	-1.379900000000000000e+04
-1.340600000000000000e+04	-1.380100000000000000e+04
-1.340400000000000000e+04	-1.380200000000000000e+04
-1.340200000000000000e+04	-1.380300000000000000e+04
-1.340000000000000000e+04	-1.380400000000000000e+04
-1.339900000000000000e+04	-1.380500000000000000e+04
-1.339800000000000000e+04	-1.380600000000000000e+04
-1.339500000000000000e+04	-1.380700000000000000e+04
-1.339300000000000000e+04	-1.380900000000000000e+04
-1.339000000000000000e+04	-1.381000000000000000e+04
-1.338800000000000000e+04	-1.381100000000000000e+04
-1.338700000000000000e+04	-1.381200000000000000e+04
-1.338600000000000000e+04	-1.381400000000000000e+04
-1.338400000000000000e+04	-1.381500000000000000e+04
-1.338200000000000000e+04	-1.381700000000000000e+04
-1.337900000000000000e+04	-1.381800000000000000e+04
-1.337400000000000000e+04	-1.382300000000000000e+04
-1.336700000000000000e+04	-1.382600000000000000e+04
-1.336000000000000000e+04	-1.382800000000000000e+04
-1.335800000000000000e+04	-1.383200000000000000e+04
-1.335200000000000000e+04	-1.383400000000000000e+04
-1.334900000000000000e+04	-1.383500000000000000e+04
-1.334700000000000000e+04	-1.383800000000000000e+04
-1.334400000000000000e+04	-1.384000000000000000e+04
-1.334000000000000000e+04	-1.384100000000000000e+04
-1.333700000000000000e+04	-1.384200000000000000e+04
-1.333600000000000000e+04	-1.384500000000000000e+04
-1.333400000000000000e+04	-1.384600000000000000e+04
-1.333200000000000000e+04	-1.384700000000000000e+04
-1.332900000000000000e+04	-1.385000000000000000e+04
-1.332200000000000000e+04	-1.385100000000000000e+04
-1.331800000000000000e+04	-1.385200000000000000e+04
-1.331700000000000000e+04	-1.385300000000000000e+04
-1.331600000000000000e+04	-1.385700000000000000e+04
-1.331200000000000000e+04	-1.386000000000000000e+04
-1.330300000000000000e+04	-1.386100000000000000e+04
-1.330100000000000000e+04	-1.386200000000000000e+04
-1.330000000000000000e+04	-1.386400000000000000e+04
-1.329700000000000000e+04	-1.386600000000000000e+04
-1.329000000000000000e+04	-1.386700000000000000e+04
-1.328900000000000000e+04	-1.386900000000000000e+04
-1.328700000000000000e+04	-1.387000000000000000e+04
-1.328600000000000000e+04	-1.387300000000000000e+04
-1.328500000000000000e+04	-1.387400000000000000e+04
-1.328100000000000000e+04	-1.387600000000000000e+04
-1.327900000000000000e+04	-1.387800000000000000e+04
-1.326900000000000000e+04	-1.388300000000000000e+04
-1.326200000000000000e+04	-1.388500000000000000e+04
-1.326100000000000000e+04	-1.388600000000000000e+04
-1.325900000000000000e+04	-1.389300000000000000e+04
-1.324200000000000000e+04	-1.389600000000000000e+04
-1.324100000000000000e+04	-1.390300000000000000e+04
-1.323000000000000000e+04	-1.390400000000000000e+04
-1.322300000000000000e+04	-1.390800000000000000e+04
-1.322000000000000000e+04	-1.390900000000000000e+04
-1.321600000000000000e+04	-1.391300000000000000e+04
-1.321300000000000000e+04	-1.391500000000000000e+04
-1.320100000000000000e+04	-1.391700000000000000e+04
-1.319900000000000000e+04	-1.391900000000000000e+04
-1.319800000000000000e+04	-1.392100000000000000e+04
-1.319000000000000000e+04	-1.392300000000000000e+04
-1.318500000000000000e+04	-1.392500000000000000e+04
-1.318300000000000000e+04	-1.392600000000000000e+04
-1.318200000000000000e+04	-1.392700000000000000e+04
-1.318000000000000000e+04	-1.392900000000000000e+04
-1.317800000000000000e+04	-1.393000000000000000e+04
-1.317300000000000000e+04	-1.393200000000000000e+04
-1.317000000000000000e+04	-1.393800000000000000e+04
-1.315600000000000000e+04	-1.394200000000000000e+04
-1.314900000000000000e+04	-1.394900000000000000e+04
-1.313600000000000000e+04	-1.395000000000000000e+04
-1.313300000000000000e+04	-1.395100000000000000e+04
-1.313200000000000000e+04	-1.395200000000000000e+04
-1.313000000000000000e+04	-1.395700000000000000e+04
-1.312200000000000000e+04	-1.395900000000000000e+04
-1.311900000000000000e+04	-1.396000000000000000e+04
-1.311800000000000000e+04	-1.396100000000000000e+04
-1.311300000000000000e+04	-1.396200000000000000e+04
-1.310900000000000000e+04	-1.396300000000000000e+04
-1.310600000000000000e+04	-1.396600000000000000e+04
-1.310500000000000000e+04	-1.396800000000000000e+04
-1.309900000000000000e+04	-1.397000000000000000e+04
-1.309800000000000000e+04	-1.397100000000000000e+04
-1.308900000000000000e+04	-1.397300000000000000e+04
-1.308800000000000000e+04	-1.397500000000000000e+04
-1.308200000000000000e+04	-1.397600000000000000e+04
-1.307900000000000000e+04	-1.397700000000000000e+04
-1.307800000000000000e+04	-1.397900000000000000e+04
-1.307600000000000000e+04	-1.398100000000000000e+04
-1.307100000000000000e+04	-1.398300000000000000e+04
-1.306800000000000000e+04	-1.398600000000000000e+04
-1.306000000000000000e+04	-1.398700000000000000e+04
-1.305700000000000000e+04	-1.398900000000000000e+04
-1.305600000000000000e+04	-1.399200000000000000e+04
-1.305100000000000000e+04	-1.399500000000000000e+04
-1.304600000000000000e+04	-1.399600000000000000e+04
-1.304000000000000000e+04	-1.399700000000000000e+04
-1.303900000000000000e+04	-1.399800000000000000e+04
-1.303600000000000000e+04	-1.400000000000000000e+04
-1.303300000000000000e+04	-1.400100000000000000e+04
-1.303000000000000000e+04	-1.400400000000000000e+04
-1.302900000000000000e+04	-1.400600000000000000e+04
-1.302600000000000000e+04	-1.400700000000000000e+04
-1.302100000000000000e+04	-1.400800000000000000e+04
-1.301200000000000000e+04	-1.401000000000000000e+04
-1.301000000000000000e+04	-1.401300000000000000e+04
-1.300600000000000000e+04	-1.401400000000000000e+04
-1.300400000000000000e+04	-1.401600000000000000e+04
-1.299700000000000000e+04	-1.401700000000000000e+04
-1.299600000000000000e+04	-1.402100000000000000e+04
-1.299100000000000000e+04	-1.402200000000000000e+04
-1.299000000000000000e+04	-1.402300000000000000e+04
-1.298800000000000000e+04	-1.402500000000000000e+04
-1.297700000000000000e+04	-1.402600000000000000e+04
-1.297400000000000000e+04	-1.402700000000000000e+04
-1.297300000000000000e+04	-1.402800000000000000e+04
-1.297200000000000000e+04	-1.402900000000000000e+04
-1.297100000000000000e+04	-1.403100000000000000e+04
-1.296700000000000000e+04	-1.403300000000000000e+04
-1.295900000000000000e+04	-1.404100000000000000e+04
-1.295300000000000000e+04	-1.404200000000000000e+04
-1.294000000000000000e+04	-1.404300000000000000e+04
-1.293700000000000000e+04	-1.404400000000000000e+04
-1.293500000000000000e+04	-1.404500000000000000e+04
-1.293200000000000000e+04	-1.404600000000000000e+04
-1.293100000000000000e+04	-1.404700000000000000e+04
-1.293000000000000000e+04	-1.404800000000000000e+04
-1.292800000000000000e+04	-1.404900000000000000e+04
-1.292300000000000000e+04	-1.405100000000000000e+04
-1.291900000000000000e+04	-1.405300000000000000e+04
-1.291500000000000000e+04	-1.405500000000000000e+04
-1.291200000000000000e+04	-1.405700000000000000e+04
-1.290800000000000000e+04	-1.405800000000000000e+04
-1.290200000000000000e+04	-1.405900000000000000e+04
-1.289700000000000000e+04	-1.406200000000000000e+04
-1.289100000000000000e+04	-1.406300000000000000e+04
-1.289000000000000000e+04	-1.406500000000000000e+04
-1.288700000000000000e+04	-1.406600000000000000e+04
-1.288400000000000000e+04	-1.406800000000000000e+04
-1.287900000000000000e+04	-1.406900000000000000e+04
-1.287800000000000000e+04	-1.407100000000000000e+04
-1.287500000000000000e+04	-1.407200000000000000e+04
-1.287100000000000000e+04	-1.407500000000000000e+04
-1.286200000000000000e+04	-1.407600000000000000e+04
-1.285900000000000000e+04	-1.407700000000000000e+04
-1.285700000000000000e+04	-1.407900000000000000e+04
-1.285600000000000000e+04	-1.408000000000000000e+04
-1.285300000000000000e+04	-1.408100000000000000e+04
-1.285100000000000000e+04	-1.408200000000000000e+04
-1.284800000000000000e+04	-1.408500000000000000e+04
-1.284500000000000000e+04	-1.408800000000000000e+04
-1.283300000000000000e+04	-1.409000000000000000e+04
-1.283100000000000000e+04	-1.409100000000000000e+04
-1.282500000000000000e+04	-1.409300000000000000e+04
-1.281800000000000000e+04	-1.409500000000000000e+04
-1.281400000000000000e+04	-1.409600000000000000e+04
-1.280900000000000000e+04	-1.409700000000000000e+04
-1.280800000000000000e+04	-1.409900000000000000e+04
-1.280300000000000000e+04	-1.410100000000000000e+04
-1.280000000000000000e+04	-1.410200000000000000e+04
-1.279700000000000000e+04	-1.410400000000000000e+04
-1.279500000000000000e+04	-1.410500000000000000e+04
-1.278700000000000000e+04	-1.410700000000000000e+04
-1.278000000000000000e+04	-1.410800000000000000e+04
-1.277900000000000000e+04	-1.410900000000000000e+04
-1.277700000000000000e+04	-1.411100000000000000e+04
-1.277400000000000000e+04	-1.411300000000000000e+04
-1.276900000000000000e+04	-1.411500000000000000e+04
-1.276400000000000000e+04	-1.411700000000000000e+04
-1.275800000000000000e+04	-1.411800000000000000e+04
-1.275600000000000000e+04	-1.412000000000000000e+04
-1.274900000000000000e+04	-1.412200000000000000e+04
-1.274800000000000000e+04	-1.412400000000000000e+04
-1.274300000000000000e+04	-1.412500000000000000e+04
-1.274000000000000000e+04	-1.412600000000000000e+04
-1.273500000000000000e+04	-1.412700000000000000e+04
-1.273100000000000000e+04	-1.412800000000000000e+04
-1.272800000000000000e+04	-1.413100000000000000e+04
-1.272500000000000000e+04	-1.413400000000000000e+04
-1.271900000000000000e+04	-1.413500000000000000e+04
-1.271100000000000000e+04	-1.413700000000000000e+04
-1.270600000000000000e+04	-1.413800000000000000e+04
-1.270500000000000000e+04	-1.414300000000000000e+04
-1.269300000000000000e+04	-1.414400000000000000e+04
-1.268600000000000000e+04	-1.414600000000000000e+04
-1.268500000000000000e+04	-1.414800000000000000e+04
-1.268000000000000000e+04	-1.414900000000000000e+04
-1.267500000000000000e+04	-1.415000000000000000e+04
-1.267100000000000000e+04	-1.415100000000000000e+04
-1.266700000000000000e+04	-1.415200000000000000e+04
-1.266500000000000000e+04	-1.415400000000000000e+04
-1.265500000000000000e+04	-1.415700000000000000e+04
-1.265200000000000000e+04	-1.415800000000000000e+04
-1.264600000000000000e+04	-1.416100000000000000e+04
-1.264000000000000000e+04	-1.416400000000000000e+04
-1.262900000000000000e+04	-1.416500000000000000e+04
-1.262700000000000000e+04	-1.416700000000000000e+04
-1.262500000000000000e+04	-1.416800000000000000e+04
-1.262300000000000000e+04	-1.416900000000000000e+04
-1.261300000000000000e+04	-1.417000000000000000e+04
-1.261200000000000000e+04	-1.417100000000000000e+04
-1.260800000000000000e+04	-1.417200000000000000e+04
-1.260600000000000000e+04	-1.417300000000000000e+04
-1.260500000000000000e+04	-1.417400000000000000e+04
-1.260400000000000000e+04	-1.417600000000000000e+04
-1.259700000000000000e+04	-1.417700000000000000e+04
-1.259200000000000000e+04	-1.418000000000000000e+04
-1.258700000000000000e+04	-1.418200000000000000e+04
-1.258200000000000000e+04	-1.418300000000000000e+04
-1.257600000000000000e+04	-1.418400000000000000e+04
-1.256800000000000000e+04	-1.418600000000000000e+04
-1.256300000000000000e+04	-1.418700000000000000e+04
-1.255800000000000000e+04	-1.418900000000000000e+04
-1.255600000000000000e+04	-1.419000000000000000e+04
-1.255300000000000000e+04	-1.419300000000000000e+04
-1.255100000000000000e+04	-1.419500000000000000e+04
-1.254000000000000000e+04	-1.419600000000000000e+04
-1.253700000000000000e+04	-1.419700000000000000e+04
-1.253500000000000000e+04	-1.419900000000000000e+04
-1.252100000000000000e+04	-1.420100000000000000e+04
-1.251000000000000000e+04	-1.420200000000000000e+04
-1.250900000000000000e+04	-1.420800000000000000e+04
-1.249600000000000000e+04	-1.420900000000000000e+04
-1.249000000000000000e+04	-1.421000000000000000e+04
-1.248400000000000000e+04	-1.421100000000000000e+04
-1.247700000000000000e+04	-1.421300000000000000e+04
-1.246800000000000000e+04	-1.421500000000000000e+04
-1.246200000000000000e+04	-1.421600000000000000e+04
-1.246000000000000000e+04	-1.421700000000000000e+04
-1.245500000000000000e+04	-1.421800000000000000e+04
-1.244900000000000000e+04	-1.421900000000000000e+04
-1.244400000000000000e+04	-1.422000000000000000e+04
-1.243900000000000000e+04	-1.422200000000000000e+04
-1.243400000000000000e+04	-1.422300000000000000e+04
-1.243300000000000000e+04	-1.422500000000000000e+04
-1.242900000000000000e+04	-1.422900000000000000e+04
-1.241200000000000000e+04	-1.423000000000000000e+04
-1.240200000000000000e+04	-1.423100000000000000e+04
-1.239900000000000000e+04	-1.423300000000000000e+04
-1.239600000000000000e+04	-1.423400000000000000e+04
-1.239500000000000000e+04	-1.423600000000000000e+04
-1.238200000000000000e+04	-1.423700000000000000e+04
-1.238100000000000000e+04	-1.423800000000000000e+04
-1.237500000000000000e+04	-1.423900000000000000e+04
-1.236600000000000000e+04	-1.424000000000000000e+04
-1.236100000000000000e+04	-1.424100000000000000e+04
-1.235400000000000000e+04	-1.424400000000000000e+04
-1.235000000000000000e+04	-1.424500000000000000e+04
-1.234000000000000000e+04	-1.424700000000000000e+04
-1.232800000000000000e+04	-1.424800000000000000e+04
-1.232000000000000000e+04	-1.425100000000000000e+04
-1.231300000000000000e+04	-1.425200000000000000e+04
-1.231100000000000000e+04	-1.425400000000000000e+04
-1.230400000000000000e+04	-1.425500000000000000e+04
-1.230000000000000000e+04	-1.425600000000000000e+04
-1.228800000000000000e+04	-1.425900000000000000e+04
-1.227900000000000000e+04	-1.426200000000000000e+04
-1.226700000000000000e+04	-1.426300000000000000e+04
-1.225900000000000000e+04	-1.426500000000000000e+04
-1.224800000000000000e+04	-1.426700000000000000e+04
-1.223900000000000000e+04	-1.426900000000000000e+04
-1.222700000000000000e+04	-1.427100000000000000e+04
-1.222100000000000000e+04	-1.427200000000000000e+04
-1.221200000000000000e+04	-1.427400000000000000e+04
-1.220800000000000000e+04	-1.427500000000000000e+04
-1.220000000000000000e+04	-1.427700000000000000e+04
-1.218700000000000000e+04	-1.427800000000000000e+04
-1.218100000000000000e+04	-1.428000000000000000e+04
-1.217100000000000000e+04	-1.428100000000000000e+04
-1.216400000000000000e+04	-1.428300000000000000e+04
-1.215200000000000000e+04	-1.428400000000000000e+04
-1.215000000000000000e+04	-1.428500000000000000e+04
-1.213900000000000000e+04	-1.428600000000000000e+04
-1.213400000000000000e+04	-1.428900000000000000e+04
-1.212300000000000000e+04	-1.429300000000000000e+04
-1.209900000000000000e+04	-1.429500000000000000e+04
-1.209100000000000000e+04	-1.429600000000000000e+04
-1.208500000000000000e+04	-1.429700000000000000e+04
-1.206800000000000000e+04	-1.429800000000000000e+04
-1.206200000000000000e+04	-1.429900000000000000e+04
-1.205100000000000000e+04	-1.430000000000000000e+04
-1.204900000000000000e+04	-1.430100000000000000e+04
-1.203900000000000000e+04	-1.430400000000000000e+04
-1.202800000000000000e+04	-1.430600000000000000e+04
-1.200600000000000000e+04	-1.430700000000000000e+04
-1.200200000000000000e+04	-1.430800000000000000e+04
-1.199500000000000000e+04	-1.430900000000000000e+04
-1.198700000000000000e+04	-1.431000000000000000e+04
-1.198300000000000000e+04	-1.431300000000000000e+04
-1.195700000000000000e+04	-1.431400000000000000e+04
-1.194900000000000000e+04	-1.431500000000000000e+04
-1.193800000000000000e+04	-1.431600000000000000e+04
-1.193000000000000000e+04	-1.431800000000000000e+04
-1.192100000000000000e+04	-1.431900000000000000e+04
-1.190800000000000000e+04	-1.432000000000000000e+04
-1.190600000000000000e+04	-1.432100000000000000e+04
-1.190000000000000000e+04	-1.432300000000000000e+04
-1.188700000000000000e+04	-1.432500000000000000e+04
-1.187100000000000000e+04	-1.432600000000000000e+04
-1.184900000000000000e+04	-1.432800000000000000e+04
-1.183900000000000000e+04	-1.433100000000000000e+04
-1.180500000000000000e+04	-1.433200000000000000e+04
-1.178000000000000000e+04	-1.433300000000000000e+04
-1.177600000000000000e+04	-1.433400000000000000e+04
-1.177000000000000000e+04	-1.433600000000000000e+04
-1.174100000000000000e+04	-1.433700000000000000e+04
-1.172900000000000000e+04	-1.433900000000000000e+04
-1.171700000000000000e+04	-1.434200000000000000e+04
-1.170900000000000000e+04	-1.434300000000000000e+04
-1.167400000000000000e+04	-1.434400000000000000e+04
-1.161400000000000000e+04	-1.434700000000000000e+04
-1.156200000000000000e+04	-1.434800000000000000e+04
-1.151300000000000000e+04	-1.434900000000000000e+04
-1.148500000000000000e+04	-1.435000000000000000e+04
-1.143500000000000000e+04	-1.435300000000000000e+04
-1.131000000000000000e+04	-1.435400000000000000e+04
