-1.469200000000000000e+04	-1.200100000000000000e+04
-1.469000000000000000e+04	-1.204400000000000000e+04
-1.468900000000000000e+04	-1.208900000000000000e+04
-1.468700000000000000e+04	-1.213200000000000000e+04
-1.468600000000000000e+04	-1.213900000000000000e+04
-1.468500000000000000e+04	-1.214900000000000000e+04
-1.468400000000000000e+04	-1.218400000000000000e+04
-1.468300000000000000e+04	-1.220200000000000000e+04
-1.468100000000000000e+04	-1.225700000000000000e+04
-1.467900000000000000e+04	-1.227600000000000000e+04
-1.467800000000000000e+04	-1.228000000000000000e+04
-1.467700000000000000e+04	-1.232300000000000000e+04
-1.467600000000000000e+04	-1.232600000000000000e+04
-1.467500000000000000e+04	-1.232900000000000000e+04
-1.467400000000000000e+04	-1.234300000000000000e+04
-1.467300000000000000e+04	-1.236300000000000000e+04
-1.467200000000000000e+04	-1.237500000000000000e+04
-1.466900000000000000e+04	-1.240200000000000000e+04
-1.466700000000000000e+04	-1.240600000000000000e+04
-1.466600000000000000e+04	-1.240900000000000000e+04
-1.466500000000000000e+04	-1.242800000000000000e+04
-1.466400000000000000e+04	-1.246100000000000000e+04
-1.466200000000000000e+04	-1.248000000000000000e+04
-1.466000000000000000e+04	-1.250600000000000000e+04
-1.465800000000000000e+04	-1.250800000000000000e+04
-1.465600000000000000e+04	-1.252400000000000000e+04
-1.465500000000000000e+04	-1.253200000000000000e+04
-1.465400000000000000e+04	-1.253600000000000000e+04
-1.465300000000000000e+04	-1.254100000000000000e+04
-1.465200000000000000e+04	-1.255300000000000000e+04
-1.465000000000000000e+04	-1.256900000000000000e+04
-1.464800000000000000e+04	-1.257600000000000000e+04
-1.464700000000000000e+04	-1.259000000000000000e+04
-1.464600000000000000e+04	-1.260800000000000000e+04
-1.464400000000000000e+04	-1.261900000000000000e+04
-1.464300000000000000e+04	-1.263100000000000000e+04
-1.464000000000000000e+04	-1.264500000000000000e+04
-1.463800000000000000e+04	-1.267200000000000000e+04
-1.463700000000000000e+04	-1.268300000000000000e+04
-1.463300000000000000e+04	-1.269600000000000000e+04
-1.463000000000000000e+04	-1.270200000000000000e+04
-1.462900000000000000e+04	-1.271500000000000000e+04
-1.462600000000000000e+04	-1.273800000000000000e+04
-1.462300000000000000e+04	-1.273900000000000000e+04
-1.462200000000000000e+04	-1.274200000000000000e+04
-1.462100000000000000e+04	-1.275900000000000000e+04
-1.461900000000000000e+04	-1.276100000000000000e+04
-1.461800000000000000e+04	-1.277600000000000000e+04
-1.461500000000000000e+04	-1.278400000000000000e+04
-1.461400000000000000e+04	-1.279800000000000000e+04
-1.461300000000000000e+04	-1.280300000000000000e+04
-1.461200000000000000e+04	-1.280400000000000000e+04
-1.461100000000000000e+04	-1.281100000000000000e+04
-1.461000000000000000e+04	-1.281800000000000000e+04
-1.460900000000000000e+04	-1.282700000000000000e+04
-1.460800000000000000e+04	-1.284200000000000000e+04
-1.460400000000000000e+04	-1.284300000000000000e+04
-1.460300000000000000e+04	-1.284400000000000000e+04
-1.460200000000000000e+04	-1.285400000000000000e+04
-1.460100000000000000e+04	-1.285500000000000000e+04
-1.460000000000000000e+04	-1.285900000000000000e+04
-1.459900000000000000e+04	-1.287600000000000000e+04
-1.459800000000000000e+04	-1.287800000000000000e+04
-1.459600000000000000e+04	-1.289500000000000000e+04
-1.459300000000000000e+04	-1.289600000000000000e+04
-1.459200000000000000e+04	-1.289900000000000000e+04
-1.459100000000000000e+04	-1.291000000000000000e+04
-1.459000000000000000e+04	-1.291400000000000000e+04
-1.458800000000000000e+04	-1.292200000000000000e+04
-1.458700000000000000e+04	-1.293000000000000000e+04
-1.458500000000000000e+04	-1.293600000000000000e+04
-1.458400000000000000e+04	-1.294000000000000000e+04
-1.458200000000000000e+04	-1.295300000000000000e+04
-1.458000000000000000e+04	-1.295800000000000000e+04
-1.457900000000000000e+04	-1.296900000000000000e+04
-1.457600000000000000e+04	-1.297400000000000000e+04
-1.457500000000000000e+04	-1.298200000000000000e+04
-1.457400000000000000e+04	-1.298600000000000000e+04
-1.457300000000000000e+04	-1.299300000000000000e+04
-1.457100000000000000e+04	-1.300500000000000000e+04
-1.456900000000000000e+04	-1.300800000000000000e+04
-1.456800000000000000e+04	-1.302000000000000000e+04
-1.456600000000000000e+04	-1.302700000000000000e+04
-1.456300000000000000e+04	-1.303500000000000000e+04
-1.456200000000000000e+04	-1.304100000000000000e+04
-1.456100000000000000e+04	-1.304400000000000000e+04
-1.456000000000000000e+04	-1.304900000000000000e+04
-1.455800000000000000e+04	-1.305900000000000000e+04
-1.455600000000000000e+04	-1.306300000000000000e+04
-1.455500000000000000e+04	-1.306500000000000000e+04
-1.455400000000000000e+04	-1.307500000000000000e+04
-1.455200000000000000e+04	-1.310300000000000000e+04
-1.454800000000000000e+04	-1.311300000000000000e+04
-1.454500000000000000e+04	-1.311400000000000000e+04
-1.454400000000000000e+04	-1.311800000000000000e+04
-1.454300000000000000e+04	-1.312200000000000000e+04
-1.454200000000000000e+04	-1.312400000000000000e+04
-1.454000000000000000e+04	-1.313200000000000000e+04
-1.453800000000000000e+04	-1.313500000000000000e+04
-1.453700000000000000e+04	-1.314300000000000000e+04
-1.453600000000000000e+04	-1.314400000000000000e+04
-1.453500000000000000e+04	-1.316000000000000000e+04
-1.453400000000000000e+04	-1.316400000000000000e+04
-1.453000000000000000e+04	-1.317700000000000000e+04
-1.452600000000000000e+04	-1.318200000000000000e+04
-1.452400000000000000e+04	-1.319100000000000000e+04
-1.452200000000000000e+04	-1.322000000000000000e+04
-1.451600000000000000e+04	-1.322400000000000000e+04
-1.451500000000000000e+04	-1.323400000000000000e+04
-1.451000000000000000e+04	-1.324000000000000000e+04
-1.450900000000000000e+04	-1.324200000000000000e+04
-1.450700000000000000e+04	-1.324400000000000000e+04
-1.450600000000000000e+04	-1.325600000000000000e+04
-1.450400000000000000e+04	-1.326000000000000000e+04
-1.450300000000000000e+04	-1.326900000000000000e+04
-1.450000000000000000e+04	-1.327100000000000000e+04
-1.449900000000000000e+04	-1.327400000000000000e+04
-1.449800000000000000e+04	-1.327800000000000000e+04
-1.449700000000000000e+04	-1.328500000000000000e+04
-1.449600000000000000e+04	-1.330000000000000000e+04
-1.449200000000000000e+04	-1.330700000000000000e+04
-1.449000000000000000e+04	-1.330900000000000000e+04
-1.448900000000000000e+04	-1.331800000000000000e+04
-1.448600000000000000e+04	-1.331900000000000000e+04
-1.448400000000000000e+04	-1.332400000000000000e+04
-1.448200000000000000e+04	-1.333000000000000000e+04
-1.448000000000000000e+04	-1.333400000000000000e+04
-1.447900000000000000e+04	-1.334700000000000000e+04
-1.447600000000000000e+04	-1.334800000000000000e+04
-1.447500000000000000e+04	-1.334900000000000000e+04
-1.447300000000000000e+04	-1.335300000000000000e+04
-1.447200000000000000e+04	-1.335700000000000000e+04
-1.447100000000000000e+04	-1.336000000000000000e+04
-1.447000000000000000e+04	-1.336900000000000000e+04
-1.446900000000000000e+04	-1.337500000000000000e+04
-1.446600000000000000e+04	-1.337600000000000000e+04
-1.446500000000000000e+04	-1.337900000000000000e+04
-1.446400000000000000e+04	-1.339100000000000000e+04
-1.446000000000000000e+04	-1.339400000000000000e+04
-1.445900000000000000e+04	-1.340400000000000000e+04
-1.445800000000000000e+04	-1.341500000000000000e+04
-1.445300000000000000e+04	-1.341700000000000000e+04
-1.445200000000000000e+04	-1.341900000000000000e+04
-1.445100000000000000e+04	-1.342100000000000000e+04
-1.444900000000000000e+04	-1.342200000000000000e+04
-1.444800000000000000e+04	-1.342900000000000000e+04
-1.444500000000000000e+04	-1.343700000000000000e+04
-1.444400000000000000e+04	-1.344000000000000000e+04
-1.444300000000000000e+04	-1.344500000000000000e+04
-1.444100000000000000e+04	-1.345300000000000000e+04
-1.443800000000000000e+04	-1.345400000000000000e+04
-1.443700000000000000e+04	-1.346800000000000000e+04
-1.443300000000000000e+04	-1.347000000000000000e+04
-1.443100000000000000e+04	-1.347700000000000000e+04
-1.442800000000000000e+04	-1.348500000000000000e+04
-1.442700000000000000e+04	-1.348600000000000000e+04
-1.442500000000000000e+04	-1.349900000000000000e+04
-1.442000000000000000e+04	-1.350000000000000000e+04
-1.441900000000000000e+04	-1.351000000000000000e+04
-1.441700000000000000e+04	-1.351100000000000000e+04
-1.441500000000000000e+04	-1.351500000000000000e+04
-1.441400000000000000e+04	-1.351900000000000000e+04
-1.441200000000000000e+04	-1.352000000000000000e+04
-1.441000000000000000e+04	-1.352300000000000000e+04
-1.440900000000000000e+04	-1.352500000000000000e+04
-1.440800000000000000e+04	-1.353400000000000000e+04
-1.440700000000000000e+04	-1.353900000000000000e+04
-1.440500000000000000e+04	-1.354100000000000000e+04
-1.440400000000000000e+04	-1.354500000000000000e+04
-1.440200000000000000e+04	-1.354600000000000000e+04
-1.440100000000000000e+04	-1.355400000000000000e+04
-1.439800000000000000e+04	-1.355500000000000000e+04
-1.439700000000000000e+04	-1.355900000000000000e+04
-1.439600000000000000e+04	-1.356500000000000000e+04
-1.439200000000000000e+04	-1.356900000000000000e+04
-1.439100000000000000e+04	-1.357100000000000000e+04
-1.439000000000000000e+04	-1.357500000000000000e+04
-1.438700000000000000e+04	-1.357900000000000000e+04
-1.438600000000000000e+04	-1.358400000000000000e+04
-1.438500000000000000e+04	-1.359200000000000000e+04
-1.438100000000000000e+04	-1.360500000000000000e+04
-1.437500000000000000e+04	-1.360600000000000000e+04
-1.437400000000000000e+04	-1.361200000000000000e+04
-1.437200000000000000e+04	-1.361500000000000000e+04
-1.437100000000000000e+04	-1.362000000000000000e+04
-1.436900000000000000e+04	-1.362700000000000000e+04
-1.436700000000000000e+04	-1.363600000000000000e+04
-1.436300000000000000e+04	-1.364000000000000000e+04
-1.436000000000000000e+04	-1.364100000000000000e+04
-1.435900000000000000e+04	-1.364700000000000000e+04
-1.435700000000000000e+04	-1.364800000000000000e+04
-1.435600000000000000e+04	-1.365000000000000000e+04
-1.435400000000000000e+04	-1.365800000000000000e+04
-1.435100000000000000e+04	-1.365900000000000000e+04
-1.435000000000000000e+04	-1.366200000000000000e+04
-1.434900000000000000e+04	-1.366400000000000000e+04
-1.434800000000000000e+04	-1.367000000000000000e+04
-1.434600000000000000e+04	-1.367700000000000000e+04
-1.434300000000000000e+04	-1.368200000000000000e+04
-1.434000000000000000e+04	-1.368400000000000000e+04
-1.433900000000000000e+04	-1.368500000000000000e+04
-1.433800000000000000e+04	-1.369100000000000000e+04
-1.433700000000000000e+04	-1.369300000000000000e+04
-1.433600000000000000e+04	-1.369400000000000000e+04
-1.433500000000000000e+04	-1.369800000000000000e+04
-1.433300000000000000e+04	-1.370000000000000000e+04
-1.433200000000000000e+04	-1.370100000000000000e+04
-1.433100000000000000e+04	-1.370500000000000000e+04
-1.433000000000000000e+04	-1.371100000000000000e+04
-1.432900000000000000e+04	-1.371300000000000000e+04
-1.432600000000000000e+04	-1.371400000000000000e+04
-1.432400000000000000e+04	-1.371600000000000000e+04
-1.432300000000000000e+04	-1.372200000000000000e+04
-1.432000000000000000e+04	-1.372500000000000000e+04
-1.431800000000000000e+04	-1.373300000000000000e+04
-1.431600000000000000e+04	-1.373500000000000000e+04
-1.431300000000000000e+04	-1.374200000000000000e+04
-1.431200000000000000e+04	-1.374400000000000000e+04
-1.431100000000000000e+04	-1.374800000000000000e+04
-1.430800000000000000e+04	-1.375300000000000000e+04
-1.430500000000000000e+04	-1.375500000000000000e+04
-1.430300000000000000e+04	-1.375700000000000000e+04
-1.430200000000000000e+04	-1.376500000000000000e+04
-1.430100000000000000e+04	-1.376600000000000000e+04
-1.430000000000000000e+04	-1.376900000000000000e+04
-1.429900000000000000e+04	-1.377000000000000000e+04
-1.429600000000000000e+04	-1.377400000000000000e+04
-1.429500000000000000e+04	-1.378000000000000000e+04
-1.429300000000000000e+04	-1.378600000000000000e+04
-1.429000000000000000e+04	-1.378900000000000000e+04
-1.428800000000000000e+04	-1.379200000000000000e+04
-1.428700000000000000e+04	-1.379700000000000000e+04
-1.428400000000000000e+04	-1.379800000000000000e+04
-1.428300000000000000e+04	-1.380100000000000000e+04
-1.428100000000000000e+04	-1.380300000000000000e+04
-1.428000000000000000e+04	-1.380500000000000000e+04
-1.427900000000000000e+04	-1.381100000000000000e+04
-1.427700000000000000e+04	-1.381400000000000000e+04
-1.427500000000000000e+04	-1.381900000000000000e+04
-1.427300000000000000e+04	-1.382500000000000000e+04
-1.426900000000000000e+04	-1.382800000000000000e+04
-1.426700000000000000e+04	-1.383500000000000000e+04
-1.426400000000000000e+04	-1.383700000000000000e+04
-1.426200000000000000e+04	-1.384000000000000000e+04
-1.426000000000000000e+04	-1.384400000000000000e+04
-1.425900000000000000e+04	-1.384700000000000000e+04
-1.425600000000000000e+04	-1.385400000000000000e+04
-1.425500000000000000e+04	-1.385900000000000000e+04
-1.425200000000000000e+04	-1.386100000000000000e+04
-1.424900000000000000e+04	-1.387400000000000000e+04
-1.424300000000000000e+04	-1.387900000000000000e+04
-1.424100000000000000e+04	-1.388100000000000000e+04
-1.423900000000000000e+04	-1.388300000000000000e+04
-1.423800000000000000e+04	-1.388400000000000000e+04
-1.423700000000000000e+04	-1.389800000000000000e+04
-1.422900000000000000e+04	-1.390300000000000000e+04
-1.422800000000000000e+04	-1.390400000000000000e+04
-1.422700000000000000e+04	-1.391000000000000000e+04
-1.422500000000000000e+04	-1.391200000000000000e+04
-1.422300000000000000e+04	-1.391600000000000000e+04
-1.421900000000000000e+04	-1.391700000000000000e+04
-1.421800000000000000e+04	-1.392500000000000000e+04
-1.421300000000000000e+04	-1.392800000000000000e+04
-1.421200000000000000e+04	-1.393000000000000000e+04
-1.421100000000000000e+04	-1.393600000000000000e+04
-1.421000000000000000e+04	-1.394100000000000000e+04
-1.420600000000000000e+04	-1.394600000000000000e+04
-1.420200000000000000e+04	-1.394700000000000000e+04
-1.420100000000000000e+04	-1.394800000000000000e+04
-1.419900000000000000e+04	-1.395100000000000000e+04
-1.419700000000000000e+04	-1.395500000000000000e+04
-1.419600000000000000e+04	-1.395600000000000000e+04
-1.419500000000000000e+04	-1.396600000000000000e+04
-1.419400000000000000e+04	-1.396800000000000000e+04
-1.419000000000000000e+04	-1.397100000000000000e+04
-1.418500000000000000e+04	-1.397800000000000000e+04
-1.418200000000000000e+04	-1.398800000000000000e+04
-1.417600000000000000e+04	-1.398900000000000000e+04
-1.417500000000000000e+04	-1.399400000000000000e+04
-1.417300000000000000e+04	-1.399500000000000000e+04
-1.417200000000000000e+04	-1.400000000000000000e+04
-1.417100000000000000e+04	-1.400200000000000000e+04
-1.416900000000000000e+04	-1.400600000000000000e+04
-1.416300000000000000e+04	-1.401000000000000000e+04
-1.416200000000000000e+04	-1.401200000000000000e+04
-1.416100000000000000e+04	-1.401400000000000000e+04
-1.416000000000000000e+04	-1.401600000000000000e+04
-1.415800000000000000e+04	-1.401800000000000000e+04
-1.415600000000000000e+04	-1.402000000000000000e+04
-1.415400000000000000e+04	-1.402300000000000000e+04
-1.415300000000000000e+04	-1.402500000000000000e+04
-1.415000000000000000e+04	-1.403700000000000000e+04
-1.414400000000000000e+04	-1.403900000000000000e+04
-1.414300000000000000e+04	-1.404000000000000000e+04
-1.414000000000000000e+04	-1.405300000000000000e+04
-1.413300000000000000e+04	-1.405400000000000000e+04
-1.413200000000000000e+04	-1.405500000000000000e+04
-1.413000000000000000e+04	-1.405700000000000000e+04
-1.412900000000000000e+04	-1.406300000000000000e+04
-1.412800000000000000e+04	-1.406600000000000000e+04
-1.412400000000000000e+04	-1.406800000000000000e+04
-1.412200000000000000e+04	-1.406900000000000000e+04
-1.412100000000000000e+04	-1.407000000000000000e+04
-1.412000000000000000e+04	-1.407100000000000000e+04
-1.411800000000000000e+04	-1.407500000000000000e+04
-1.411600000000000000e+04	-1.408000000000000000e+04
-1.411400000000000000e+04	-1.408300000000000000e+04
-1.411100000000000000e+04	-1.408500000000000000e+04
-1.410800000000000000e+04	-1.408800000000000000e+04
-1.410700000000000000e+04	-1.410000000000000000e+04
-1.410000000000000000e+04	-1.410500000000000000e+04
-1.409600000000000000e+04	-1.410700000000000000e+04
-1.409500000000000000e+04	-1.410800000000000000e+04
-1.409400000000000000e+04	-1.411000000000000000e+04
-1.409300000000000000e+04	-1.411100000000000000e+04
-1.409100000000000000e+04	-1.411200000000000000e+04
-1.408900000000000000e+04	-1.411400000000000000e+04
-1.408800000000000000e+04	-1.411600000000000000e+04
-1.408600000000000000e+04	-1.411700000000000000e+04
-1.408500000000000000e+04	-1.411900000000000000e+04
-1.408300000000000000e+04	-1.412700000000000000e+04
-1.408000000000000000e+04	-1.412800000000000000e+04
-1.407700000000000000e+04	-1.413100000000000000e+04
-1.407600000000000000e+04	-1.413300000000000000e+04
-1.407400000000000000e+04	-1.413800000000000000e+04
-1.407000000000000000e+04	-1.414100000000000000e+04
-1.406800000000000000e+04	-1.414200000000000000e+04
-1.406600000000000000e+04	-1.414800000000000000e+04
-1.406300000000000000e+04	-1.415400000000000000e+04
-1.406000000000000000e+04	-1.415700000000000000e+04
-1.405600000000000000e+04	-1.415800000000000000e+04
-1.405500000000000000e+04	-1.416100000000000000e+04
-1.405300000000000000e+04	-1.416200000000000000e+04
-1.405100000000000000e+04	-1.416300000000000000e+04
-1.405000000000000000e+04	-1.416500000000000000e+04
-1.404800000000000000e+04	-1.416600000000000000e+04
-1.404700000000000000e+04	-1.417100000000000000e+04
-1.404600000000000000e+04	-1.417600000000000000e+04
-1.403900000000000000e+04	-1.417900000000000000e+04
-1.403800000000000000e+04	-1.418500000000000000e+04
-1.403100000000000000e+04	-1.418900000000000000e+04
-1.403000000000000000e+04	-1.419200000000000000e+04
-1.402800000000000000e+04	-1.419500000000000000e+04
-1.402700000000000000e+04	-1.419900000000000000e+04
-1.402100000000000000e+04	-1.420200000000000000e+04
-1.401800000000000000e+04	-1.420500000000000000e+04
-1.401600000000000000e+04	-1.420800000000000000e+04
-1.401400000000000000e+04	-1.421000000000000000e+04
-1.401300000000000000e+04	-1.421200000000000000e+04
-1.401100000000000000e+04	-1.421300000000000000e+04
-1.401000000000000000e+04	-1.421500000000000000e+04
-1.400800000000000000e+04	-1.421800000000000000e+04
-1.400700000000000000e+04	-1.421900000000000000e+04
-1.400400000000000000e+04	-1.422600000000000000e+04
-1.399900000000000000e+04	-1.422700000000000000e+04
-1.399700000000000000e+04	-1.422900000000000000e+04
-1.399600000000000000e+04	-1.423000000000000000e+04
-1.399500000000000000e+04	-1.423700000000000000e+04
-1.399300000000000000e+04	-1.423800000000000000e+04
-1.398900000000000000e+04	-1.424000000000000000e+04
-1.398700000000000000e+04	-1.424400000000000000e+04
-1.398300000000000000e+04	-1.424600000000000000e+04
-1.398200000000000000e+04	-1.425000000000000000e+04
-1.397700000000000000e+04	-1.425200000000000000e+04
-1.397400000000000000e+04	-1.425300000000000000e+04
-1.397300000000000000e+04	-1.425900000000000000e+04
-1.397100000000000000e+04	-1.426100000000000000e+04
-1.396900000000000000e+04	-1.426400000000000000e+04
-1.396500000000000000e+04	-1.426600000000000000e+04
-1.396200000000000000e+04	-1.426800000000000000e+04
-1.396000000000000000e+04	-1.427100000000000000e+04
-1.395800000000000000e+04	-1.427300000000000000e+04
-1.395600000000000000e+04	-1.427800000000000000e+04
-1.395500000000000000e+04	-1.428100000000000000e+04
-1.395200000000000000e+04	-1.428200000000000000e+04
-1.395000000000000000e+04	-1.428400000000000000e+04
-1.394600000000000000e+04	-1.428600000000000000e+04
-1.394400000000000000e+04	-1.428800000000000000e+04
-1.394200000000000000e+04	-1.428900000000000000e+04
-1.394100000000000000e+04	-1.429700000000000000e+04
-1.393700000000000000e+04	-1.429900000000000000e+04
-1.393300000000000000e+04	-1.430200000000000000e+04
-1.393200000000000000e+04	-1.430400000000000000e+04
-1.392800000000000000e+04	-1.430600000000000000e+04
-1.392600000000000000e+04	-1.430900000000000000e+04
-1.392300000000000000e+04	-1.431000000000000000e+04
-1.392200000000000000e+04	-1.431200000000000000e+04
-1.392100000000000000e+04	-1.431500000000000000e+04
-1.391900000000000000e+04	-1.431900000000000000e+04
-1.391500000000000000e+04	-1.432200000000000000e+04
-1.391200000000000000e+04	-1.432800000000000000e+04
-1.390800000000000000e+04	-1.433000000000000000e+04
-1.390500000000000000e+04	-1.433500000000000000e+04
-1.390100000000000000e+04	-1.433600000000000000e+04
-1.389900000000000000e+04	-1.433900000000000000e+04
-1.389600000000000000e+04	-1.434300000000000000e+04
-1.389200000000000000e+04	-1.434500000000000000e+04
-1.389000000000000000e+04	-1.434600000000000000e+04
-1.388900000000000000e+04	-1.434800000000000000e+04
-1.388800000000000000e+04	-1.435100000000000000e+04
-1.388500000000000000e+04	-1.435300000000000000e+04
-1.388100000000000000e+04	-1.435800000000000000e+04
-1.387900000000000000e+04	-1.435900000000000000e+04
-1.387800000000000000e+04	-1.436600000000000000e+04
-1.387300000000000000e+04	-1.437300000000000000e+04
-1.386300000000000000e+04	-1.437400000000000000e+04
-1.386200000000000000e+04	-1.437500000000000000e+04
-1.386100000000000000e+04	-1.437700000000000000e+04
-1.385800000000000000e+04	-1.438200000000000000e+04
-1.385700000000000000e+04	-1.438300000000000000e+04
-1.385400000000000000e+04	-1.438400000000000000e+04
-1.385300000000000000e+04	-1.438900000000000000e+04
-1.384900000000000000e+04	-1.439100000000000000e+04
-1.384800000000000000e+04	-1.439500000000000000e+04
-1.384300000000000000e+04	-1.440200000000000000e+04
-1.383600000000000000e+04	-1.441000000000000000e+04
-1.383200000000000000e+04	-1.441200000000000000e+04
-1.382500000000000000e+04	-1.441400000000000000e+04
-1.382400000000000000e+04	-1.441600000000000000e+04
-1.382200000000000000e+04	-1.441700000000000000e+04
-1.381900000000000000e+04	-1.441900000000000000e+04
-1.381800000000000000e+04	-1.442000000000000000e+04
-1.381700000000000000e+04	-1.442100000000000000e+04
-1.381500000000000000e+04	-1.442200000000000000e+04
-1.381300000000000000e+04	-1.442600000000000000e+04
-1.381000000000000000e+04	-1.443200000000000000e+04
-1.380600000000000000e+04	-1.443400000000000000e+04
-1.380500000000000000e+04	-1.443600000000000000e+04
-1.380100000000000000e+04	-1.443700000000000000e+04
-1.379700000000000000e+04	-1.444200000000000000e+04
-1.379400000000000000e+04	-1.444800000000000000e+04
-1.378800000000000000e+04	-1.445000000000000000e+04
-1.378500000000000000e+04	-1.445300000000000000e+04
-1.378300000000000000e+04	-1.445400000000000000e+04
-1.378100000000000000e+04	-1.445700000000000000e+04
-1.377800000000000000e+04	-1.445800000000000000e+04
-1.377600000000000000e+04	-1.446200000000000000e+04
-1.377300000000000000e+04	-1.446600000000000000e+04
-1.376800000000000000e+04	-1.446700000000000000e+04
-1.376500000000000000e+04	-1.446800000000000000e+04
-1.376400000000000000e+04	-1.447100000000000000e+04
-1.376000000000000000e+04	-1.447300000000000000e+04
-1.375900000000000000e+04	-1.447700000000000000e+04
-1.375500000000000000e+04	-1.447900000000000000e+04
-1.375300000000000000e+04	-1.448400000000000000e+04
-1.375100000000000000e+04	-1.448600000000000000e+04
-1.374200000000000000e+04	-1.448900000000000000e+04
-1.373900000000000000e+04	-1.449100000000000000e+04
-1.373800000000000000e+04	-1.449600000000000000e+04
-1.373500000000000000e+04	-1.449700000000000000e+04
-1.373100000000000000e+04	-1.450000000000000000e+04
-1.372700000000000000e+04	-1.450300000000000000e+04
-1.372600000000000000e+04	-1.450400000000000000e+04
-1.372300000000000000e+04	-1.450500000000000000e+04
-1.372100000000000000e+04	-1.451200000000000000e+04
-1.371900000000000000e+04	-1.451300000000000000e+04
-1.371100000000000000e+04	-1.451500000000000000e+04
-1.371000000000000000e+04	-1.451900000000000000e+04
-1.370800000000000000e+04	-1.452400000000000000e+04
-1.369600000000000000e+04	-1.452700000000000000e+04
-1.369400000000000000e+04	-1.453000000000000000e+04
-1.368900000000000000e+04	-1.453100000000000000e+04
-1.368700000000000000e+04	-1.453200000000000000e+04
-1.368500000000000000e+04	-1.453700000000000000e+04
-1.368100000000000000e+04	-1.453900000000000000e+04
-1.367600000000000000e+04	-1.454000000000000000e+04
-1.367300000000000000e+04	-1.454100000000000000e+04
-1.367200000000000000e+04	-1.454200000000000000e+04
-1.367100000000000000e+04	-1.454400000000000000e+04
-1.367000000000000000e+04	-1.454500000000000000e+04
-1.366700000000000000e+04	-1.454600000000000000e+04
-1.366600000000000000e+04	-1.454700000000000000e+04
-1.366300000000000000e+04	-1.454800000000000000e+04
-1.366100000000000000e+04	-1.455000000000000000e+04
-1.365900000000000000e+04	-1.455300000000000000e+04
-1.365700000000000000e+04	-1.455500000000000000e+04
-1.365400000000000000e+04	-1.455700000000000000e+04
-1.365300000000000000e+04	-1.456000000000000000e+04
-1.364900000000000000e+04	-1.456600000000000000e+04
-1.363800000000000000e+04	-1.456700000000000000e+04
-1.363700000000000000e+04	-1.456800000000000000e+04
-1.363500000000000000e+04	-1.457000000000000000e+04
-1.363400000000000000e+04	-1.457200000000000000e+04
-1.363100000000000000e+04	-1.457400000000000000e+04
-1.363000000000000000e+04	-1.457600000000000000e+04
-1.362500000000000000e+04	-1.457800000000000000e+04
-1.362400000000000000e+04	-1.457900000000000000e+04
-1.361800000000000000e+04	-1.458300000000000000e+04
-1.361700000000000000e+04	-1.458400000000000000e+04
-1.361300000000000000e+04	-1.458500000000000000e+04
-1.361200000000000000e+04	-1.459000000000000000e+04
-1.360400000000000000e+04	-1.459300000000000000e+04
-1.359900000000000000e+04	-1.459400000000000000e+04
-1.359800000000000000e+04	-1.459600000000000000e+04
-1.359300000000000000e+04	-1.459800000000000000e+04
-1.359200000000000000e+04	-1.459900000000000000e+04
-1.359000000000000000e+04	-1.460000000000000000e+04
-1.358800000000000000e+04	-1.460100000000000000e+04
-1.358700000000000000e+04	-1.460300000000000000e+04
-1.358600000000000000e+04	-1.460400000000000000e+04
-1.358500000000000000e+04	-1.460800000000000000e+04
-1.357700000000000000e+04	-1.461000000000000000e+04
-1.357500000000000000e+04	-1.461300000000000000e+04
-1.357400000000000000e+04	-1.461500000000000000e+04
-1.356500000000000000e+04	-1.461600000000000000e+04
-1.356400000000000000e+04	-1.461800000000000000e+04
-1.356200000000000000e+04	-1.462000000000000000e+04
-1.355800000000000000e+04	-1.462300000000000000e+04
-1.355700000000000000e+04	-1.462400000000000000e+04
-1.355200000000000000e+04	-1.462600000000000000e+04
-1.355000000000000000e+04	-1.462700000000000000e+04
-1.354700000000000000e+04	-1.463000000000000000e+04
-1.354500000000000000e+04	-1.463200000000000000e+04
-1.354200000000000000e+04	-1.463300000000000000e+04
-1.354000000000000000e+04	-1.463400000000000000e+04
-1.353800000000000000e+04	-1.463600000000000000e+04
-1.353700000000000000e+04	-1.464000000000000000e+04
-1.353300000000000000e+04	-1.464300000000000000e+04
-1.352800000000000000e+04	-1.464400000000000000e+04
-1.352500000000000000e+04	-1.464500000000000000e+04
-1.352300000000000000e+04	-1.464600000000000000e+04
-1.351900000000000000e+04	-1.465000000000000000e+04
-1.351500000000000000e+04	-1.465100000000000000e+04
-1.351200000000000000e+04	-1.465400000000000000e+04
-1.350800000000000000e+04	-1.465500000000000000e+04
-1.350500000000000000e+04	-1.465600000000000000e+04
-1.350400000000000000e+04	-1.465800000000000000e+04
-1.350000000000000000e+04	-1.466000000000000000e+04
-1.349800000000000000e+04	-1.466300000000000000e+04
-1.349200000000000000e+04	-1.466900000000000000e+04
-1.348800000000000000e+04	-1.467000000000000000e+04
-1.348200000000000000e+04	-1.467100000000000000e+04
-1.347900000000000000e+04	-1.467200000000000000e+04
-1.347800000000000000e+04	-1.467500000000000000e+04
-1.347700000000000000e+04	-1.467700000000000000e+04
-1.347100000000000000e+04	-1.468000000000000000e+04
-1.346700000000000000e+04	-1.468100000000000000e+04
-1.346500000000000000e+04	-1.468400000000000000e+04
-1.346000000000000000e+04	-1.468900000000000000e+04
-1.345200000000000000e+04	-1.469000000000000000e+04
-1.344800000000000000e+04	-1.469300000000000000e+04
-1.344500000000000000e+04	-1.469400000000000000e+04
-1.344400000000000000e+04	-1.469700000000000000e+04
-1.344000000000000000e+04	-1.470100000000000000e+04
-1.343300000000000000e+04	-1.470200000000000000e+04
-1.343100000000000000e+04	-1.470300000000000000e+04
-1.342800000000000000e+04	-1.470400000000000000e+04
-1.342500000000000000e+04	-1.470700000000000000e+04
-1.342300000000000000e+04	-1.470800000000000000e+04
-1.342100000000000000e+04	-1.471100000000000000e+04
-1.341500000000000000e+04	-1.471400000000000000e+04
-1.340900000000000000e+04	-1.471600000000000000e+04
-1.340700000000000000e+04	-1.471700000000000000e+04
-1.340500000000000000e+04	-1.472100000000000000e+04
-1.339900000000000000e+04	-1.472500000000000000e+04
-1.339800000000000000e+04	-1.472600000000000000e+04
-1.339300000000000000e+04	-1.472700000000000000e+04
-1.338800000000000000e+04	-1.472800000000000000e+04
-1.338600000000000000e+04	-1.472900000000000000e+04
-1.338500000000000000e+04	-1.473100000000000000e+04
-1.338300000000000000e+04	-1.473400000000000000e+04
-1.337600000000000000e+04	-1.473800000000000000e+04
-1.336900000000000000e+04	-1.473900000000000000e+04
-1.336700000000000000e+04	-1.474000000000000000e+04
-1.336600000000000000e+04	-1.474100000000000000e+04
-1.336400000000000000e+04	-1.474300000000000000e+04
-1.336100000000000000e+04	-1.474400000000000000e+04
-1.335700000000000000e+04	-1.475000000000000000e+04
-1.335600000000000000e+04	-1.475100000000000000e+04
-1.334600000000000000e+04	-1.475300000000000000e+04
-1.334400000000000000e+04	-1.475400000000000000e+04
-1.334200000000000000e+04	-1.475500000000000000e+04
-1.334100000000000000e+04	-1.475800000000000000e+04
-1.333500000000000000e+04	-1.476200000000000000e+04
-1.332900000000000000e+04	-1.476400000000000000e+04
-1.332400000000000000e+04	-1.476700000000000000e+04
-1.332100000000000000e+04	-1.476900000000000000e+04
-1.331500000000000000e+04	-1.477000000000000000e+04
-1.331100000000000000e+04	-1.477400000000000000e+04
-1.330800000000000000e+04	-1.477500000000000000e+04
-1.330700000000000000e+04	-1.477600000000000000e+04
-1.330500000000000000e+04	-1.477700000000000000e+04
-1.330100000000000000e+04	-1.477900000000000000e+04
-1.329800000000000000e+04	-1.478100000000000000e+04
-1.329200000000000000e+04	-1.478200000000000000e+04
-1.329000000000000000e+04	-1.478400000000000000e+04
-1.328600000000000000e+04	-1.478500000000000000e+04
-1.328500000000000000e+04	-1.478700000000000000e+04
-1.328100000000000000e+04	-1.479000000000000000e+04
-1.327600000000000000e+04	-1.479100000000000000e+04
-1.327500000000000000e+04	-1.479300000000000000e+04
-1.327400000000000000e+04	-1.479500000000000000e+04
-1.326900000000000000e+04	-1.479600000000000000e+04
-1.326500000000000000e+04	-1.479700000000000000e+04
-1.326300000000000000e+04	-1.480000000000000000e+04
-1.325700000000000000e+04	-1.480100000000000000e+04
-1.325600000000000000e+04	-1.480200000000000000e+04
-1.325300000000000000e+04	-1.480500000000000000e+04
-1.324700000000000000e+04	-1.480600000000000000e+04
-1.324500000000000000e+04	-1.480800000000000000e+04
-1.324400000000000000e+04	-1.480900000000000000e+04
-1.323900000000000000e+04	-1.481000000000000000e+04
-1.323700000000000000e+04	-1.481100000000000000e+04
-1.323600000000000000e+04	-1.481600000000000000e+04
-1.322500000000000000e+04	-1.481900000000000000e+04
-1.322200000000000000e+04	-1.482000000000000000e+04
-1.322100000000000000e+04	-1.482100000000000000e+04
-1.321800000000000000e+04	-1.482200000000000000e+04
-1.321600000000000000e+04	-1.482400000000000000e+04
-1.321100000000000000e+04	-1.482700000000000000e+04
-1.320400000000000000e+04	-1.483200000000000000e+04
-1.319400000000000000e+04	-1.483300000000000000e+04
-1.319300000000000000e+04	-1.483400000000000000e+04
-1.319200000000000000e+04	-1.483500000000000000e+04
-1.319100000000000000e+04	-1.483600000000000000e+04
-1.318900000000000000e+04	-1.483700000000000000e+04
-1.318500000000000000e+04	-1.483800000000000000e+04
-1.318100000000000000e+04	-1.484200000000000000e+04
-1.317800000000000000e+04	-1.484300000000000000e+04
-1.317400000000000000e+04	-1.484400000000000000e+04
-1.317100000000000000e+04	-1.484500000000000000e+04
-1.317000000000000000e+04	-1.484700000000000000e+04
-1.316400000000000000e+04	-1.485100000000000000e+04
-1.315800000000000000e+04	-1.485400000000000000e+04
-1.315500000000000000e+04	-1.485500000000000000e+04
-1.314900000000000000e+04	-1.485800000000000000e+04
-1.314700000000000000e+04	-1.486000000000000000e+04
-1.314100000000000000e+04	-1.486200000000000000e+04
-1.313800000000000000e+04	-1.486300000000000000e+04
-1.313200000000000000e+04	-1.486500000000000000e+04
-1.313100000000000000e+04	-1.486600000000000000e+04
-1.312800000000000000e+04	-1.486700000000000000e+04
-1.312200000000000000e+04	-1.487100000000000000e+04
-1.311800000000000000e+04	-1.487300000000000000e+04
-1.310900000000000000e+04	-1.487400000000000000e+04
-1.310800000000000000e+04	-1.487500000000000000e+04
-1.310600000000000000e+04	-1.487600000000000000e+04
-1.310500000000000000e+04	-1.487800000000000000e+04
-1.310000000000000000e+04	-1.487900000000000000e+04
-1.309900000000000000e+04	-1.488000000000000000e+04
-1.309400000000000000e+04	-1.488200000000000000e+04
-1.309000000000000000e+04	-1.488300000000000000e+04
-1.308900000000000000e+04	-1.488400000000000000e+04
-1.308400000000000000e+04	-1.488600000000000000e+04
-1.308300000000000000e+04	-1.488700000000000000e+04
-1.308200000000000000e+04	-1.488900000000000000e+04
-1.307600000000000000e+04	-1.489100000000000000e+04
-1.307400000000000000e+04	-1.489200000000000000e+04
-1.306900000000000000e+04	-1.489500000000000000e+04
-1.306500000000000000e+04	-1.489600000000000000e+04
-1.305600000000000000e+04	-1.489900000000000000e+04
-1.305500000000000000e+04	-1.490100000000000000e+04
-1.305000000000000000e+04	-1.490200000000000000e+04
-1.304400000000000000e+04	-1.490700000000000000e+04
-1.303200000000000000e+04	-1.490900000000000000e+04
-1.302900000000000000e+04	-1.491000000000000000e+04
-1.302800000000000000e+04	-1.491100000000000000e+04
-1.302600000000000000e+04	-1.491500000000000000e+04
-1.301400000000000000e+04	-1.491600000000000000e+04
-1.301200000000000000e+04	-1.491700000000000000e+04
-1.300800000000000000e+04	-1.491900000000000000e+04
-1.300600000000000000e+04	-1.492100000000000000e+04
-1.300000000000000000e+04	-1.492200000000000000e+04
-1.299600000000000000e+04	-1.492400000000000000e+04
-1.299500000000000000e+04	-1.492500000000000000e+04
-1.299000000000000000e+04	-1.492600000000000000e+04
-1.298800000000000000e+04	-1.492700000000000000e+04
-1.298400000000000000e+04	-1.492900000000000000e+04
-1.297700000000000000e+04	-1.493000000000000000e+04
-1.297500000000000000e+04	-1.493200000000000000e+04
-1.297200000000000000e+04	-1.493400000000000000e+04
-1.296800000000000000e+04	-1.493900000000000000e+04
-1.295400000000000000e+04	-1.494000000000000000e+04
-1.294900000000000000e+04	-1.494100000000000000e+04
-1.294800000000000000e+04	-1.494400000000000000e+04
-1.294600000000000000e+04	-1.494600000000000000e+04
-1.293900000000000000e+04	-1.494700000000000000e+04
-1.293600000000000000e+04	-1.494800000000000000e+04
-1.293200000000000000e+04	-1.494900000000000000e+04
-1.292900000000000000e+04	-1.495200000000000000e+04
-1.292200000000000000e+04	-1.495300000000000000e+04
-1.292000000000000000e+04	-1.495500000000000000e+04
-1.291300000000000000e+04	-1.495800000000000000e+04
-1.290900000000000000e+04	-1.495900000000000000e+04
-1.290200000000000000e+04	-1.496100000000000000e+04
-1.290000000000000000e+04	-1.496300000000000000e+04
-1.289700000000000000e+04	-1.496500000000000000e+04
-1.288800000000000000e+04	-1.496600000000000000e+04
-1.288400000000000000e+04	-1.496800000000000000e+04
-1.287800000000000000e+04	-1.497000000000000000e+04
-1.287100000000000000e+04	-1.497100000000000000e+04
-1.286700000000000000e+04	-1.497200000000000000e+04
-1.286600000000000000e+04	-1.497500000000000000e+04
-1.286500000000000000e+04	-1.497600000000000000e+04
-1.285500000000000000e+04	-1.497700000000000000e+04
-1.285300000000000000e+04	-1.497800000000000000e+04
-1.284800000000000000e+04	-1.498000000000000000e+04
-1.284700000000000000e+04	-1.498100000000000000e+04
-1.284400000000000000e+04	-1.498200000000000000e+04
-1.283900000000000000e+04	-1.498300000000000000e+04
-1.283700000000000000e+04	-1.498400000000000000e+04
-1.283600000000000000e+04	-1.498500000000000000e+04
-1.283400000000000000e+04	-1.498700000000000000e+04
-1.282400000000000000e+04	-1.498800000000000000e+04
-1.282300000000000000e+04	-1.498900000000000000e+04
-1.282100000000000000e+04	-1.499000000000000000e+04
-1.281800000000000000e+04	-1.499200000000000000e+04
-1.281300000000000000e+04	-1.499400000000000000e+04
-1.280400000000000000e+04	-1.499500000000000000e+04
-1.280300000000000000e+04	-1.499700000000000000e+04
-1.279400000000000000e+04	-1.499800000000000000e+04
-1.279100000000000000e+04	-1.500000000000000000e+04
-1.278700000000000000e+04	-1.500100000000000000e+04
-1.278300000000000000e+04	-1.500400000000000000e+04
-1.278100000000000000e+04	-1.500500000000000000e+04
-1.277500000000000000e+04	-1.500600000000000000e+04
-1.277100000000000000e+04	-1.500800000000000000e+04
-1.277000000000000000e+04	-1.500900000000000000e+04
-1.276300000000000000e+04	-1.501000000000000000e+04
-1.276100000000000000e+04	-1.501100000000000000e+04
-1.275300000000000000e+04	-1.501200000000000000e+04
-1.275200000000000000e+04	-1.501400000000000000e+04
-1.274800000000000000e+04	-1.501600000000000000e+04
-1.274200000000000000e+04	-1.501800000000000000e+04
-1.273700000000000000e+04	-1.501900000000000000e+04
-1.273600000000000000e+04	-1.502000000000000000e+04
-1.272900000000000000e+04	-1.502100000000000000e+04
-1.272800000000000000e+04	-1.502200000000000000e+04
-1.272100000000000000e+04	-1.502500000000000000e+04
-1.271100000000000000e+04	-1.502700000000000000e+04
-1.270600000000000000e+04	-1.503000000000000000e+04
-1.269700000000000000e+04	-1.503500000000000000e+04
-1.268000000000000000e+04	-1.503600000000000000e+04
-1.267600000000000000e+04	-1.503700000000000000e+04
-1.267300000000000000e+04	-1.503900000000000000e+04
-1.267200000000000000e+04	-1.504000000000000000e+04
-1.266700000000000000e+04	-1.504100000000000000e+04
-1.266400000000000000e+04	-1.504200000000000000e+04
-1.266300000000000000e+04	-1.504300000000000000e+04
-1.265700000000000000e+04	-1.504400000000000000e+04
-1.265400000000000000e+04	-1.504500000000000000e+04
-1.264700000000000000e+04	-1.504600000000000000e+04
-1.264500000000000000e+04	-1.504800000000000000e+04
-1.264300000000000000e+04	-1.504900000000000000e+04
-1.264100000000000000e+04	-1.505000000000000000e+04
-1.262900000000000000e+04	-1.505100000000000000e+04
-1.262700000000000000e+04	-1.505300000000000000e+04
-1.262500000000000000e+04	-1.505400000000000000e+04
-1.261800000000000000e+04	-1.505500000000000000e+04
-1.261200000000000000e+04	-1.505700000000000000e+04
-1.261000000000000000e+04	-1.505800000000000000e+04
-1.260900000000000000e+04	-1.505900000000000000e+04
-1.259900000000000000e+04	-1.506300000000000000e+04
-1.259200000000000000e+04	-1.506400000000000000e+04
-1.258500000000000000e+04	-1.506500000000000000e+04
-1.258100000000000000e+04	-1.506600000000000000e+04
-1.257700000000000000e+04	-1.506900000000000000e+04
-1.256700000000000000e+04	-1.507100000000000000e+04
-1.256300000000000000e+04	-1.507200000000000000e+04
-1.255700000000000000e+04	-1.507300000000000000e+04
-1.255500000000000000e+04	-1.507400000000000000e+04
-1.254800000000000000e+04	-1.507500000000000000e+04
-1.254700000000000000e+04	-1.507600000000000000e+04
-1.254200000000000000e+04	-1.507700000000000000e+04
-1.254000000000000000e+04	-1.507800000000000000e+04
-1.253800000000000000e+04	-1.508000000000000000e+04
-1.252900000000000000e+04	-1.508200000000000000e+04
-1.252400000000000000e+04	-1.508500000000000000e+04
-1.251100000000000000e+04	-1.508600000000000000e+04
-1.250800000000000000e+04	-1.508800000000000000e+04
-1.250100000000000000e+04	-1.509100000000000000e+04
-1.248800000000000000e+04	-1.509400000000000000e+04
-1.248500000000000000e+04	-1.509500000000000000e+04
-1.247500000000000000e+04	-1.509600000000000000e+04
-1.247300000000000000e+04	-1.509700000000000000e+04
-1.246700000000000000e+04	-1.510000000000000000e+04
-1.245100000000000000e+04	-1.510100000000000000e+04
-1.245000000000000000e+04	-1.510400000000000000e+04
-1.243200000000000000e+04	-1.510500000000000000e+04
-1.242900000000000000e+04	-1.510700000000000000e+04
-1.242100000000000000e+04	-1.510800000000000000e+04
-1.241900000000000000e+04	-1.510900000000000000e+04
-1.241800000000000000e+04	-1.511000000000000000e+04
-1.241300000000000000e+04	-1.511100000000000000e+04
-1.240900000000000000e+04	-1.511200000000000000e+04
-1.240100000000000000e+04	-1.511300000000000000e+04
-1.239600000000000000e+04	-1.511400000000000000e+04
-1.239000000000000000e+04	-1.511600000000000000e+04
-1.238400000000000000e+04	-1.511700000000000000e+04
-1.237600000000000000e+04	-1.511800000000000000e+04
-1.237500000000000000e+04	-1.511900000000000000e+04
-1.237300000000000000e+04	-1.512000000000000000e+04
-1.237000000000000000e+04	-1.512100000000000000e+04
-1.236400000000000000e+04	-1.512200000000000000e+04
-1.235500000000000000e+04	-1.512300000000000000e+04
-1.235200000000000000e+04	-1.512400000000000000e+04
-1.234600000000000000e+04	-1.512500000000000000e+04
-1.234500000000000000e+04	-1.512700000000000000e+04
-1.233200000000000000e+04	-1.512800000000000000e+04
-1.232700000000000000e+04	-1.513000000000000000e+04
-1.232300000000000000e+04	-1.513100000000000000e+04
-1.232000000000000000e+04	-1.513200000000000000e+04
-1.231000000000000000e+04	-1.513400000000000000e+04
-1.230100000000000000e+04	-1.513600000000000000e+04
-1.228500000000000000e+04	-1.513700000000000000e+04
-1.228000000000000000e+04	-1.513800000000000000e+04
-1.227500000000000000e+04	-1.513900000000000000e+04
-1.227400000000000000e+04	-1.514000000000000000e+04
-1.227200000000000000e+04	-1.514200000000000000e+04
-1.226300000000000000e+04	-1.514300000000000000e+04
-1.225200000000000000e+04	-1.514400000000000000e+04
-1.224400000000000000e+04	-1.514900000000000000e+04
-1.221600000000000000e+04	-1.515400000000000000e+04
-1.218600000000000000e+04	-1.515600000000000000e+04
-1.217800000000000000e+04	-1.515800000000000000e+04
-1.216600000000000000e+04	-1.515900000000000000e+04
-1.216100000000000000e+04	-1.516000000000000000e+04
-1.214700000000000000e+04	-1.516100000000000000e+04
-1.213700000000000000e+04	-1.516200000000000000e+04
-1.213400000000000000e+04	-1.516700000000000000e+04
-1.210100000000000000e+04	-1.516800000000000000e+04
-1.207700000000000000e+04	-1.516900000000000000e+04
-1.207600000000000000e+04	-1.517000000000000000e+04
-1.206700000000000000e+04	-1.517100000000000000e+04
-1.205800000000000000e+04	-1.517600000000000000e+04
-1.203300000000000000e+04	-1.517900000000000000e+04
-1.201500000000000000e+04	-1.518000000000000000e+04
-1.198100000000000000e+04	-1.518300000000000000e+04
-1.196500000000000000e+04	-1.518400000000000000e+04
-1.193300000000000000e+04	-1.518600000000000000e+04
-1.191900000000000000e+04	-1.518800000000000000e+04
-1.187900000000000000e+04	-1.518900000000000000e+04
-1.187600000000000000e+04	-1.519000000000000000e+04
-1.185000000000000000e+04	-1.519100000000000000e+04
-1.178900000000000000e+04	-1.519400000000000000e+04
