-1.060800000000000000e+04 -1.035000000000000000e+04
-1.060600000000000000e+04 -1.035300000000000000e+04
-1.060200000000000000e+04 -1.037100000000000000e+04
-1.059900000000000000e+04 -1.038100000000000000e+04
-1.059800000000000000e+04 -1.041400000000000000e+04
-1.059400000000000000e+04 -1.043300000000000000e+04
-1.059200000000000000e+04 -1.044700000000000000e+04
-1.059000000000000000e+04 -1.045800000000000000e+04
-1.058800000000000000e+04 -1.046500000000000000e+04
-1.058500000000000000e+04 -1.047500000000000000e+04
-1.058400000000000000e+04 -1.048000000000000000e+04
-1.058100000000000000e+04 -1.048600000000000000e+04
-1.058000000000000000e+04 -1.049800000000000000e+04
-1.057800000000000000e+04 -1.051200000000000000e+04
-1.057300000000000000e+04 -1.051500000000000000e+04
-1.057100000000000000e+04 -1.054000000000000000e+04
-1.056500000000000000e+04 -1.054200000000000000e+04
-1.056100000000000000e+04 -1.054300000000000000e+04
-1.056000000000000000e+04 -1.054900000000000000e+04
-1.055800000000000000e+04 -1.056200000000000000e+04
-1.055600000000000000e+04 -1.056300000000000000e+04
-1.055300000000000000e+04 -1.057100000000000000e+04
-1.055000000000000000e+04 -1.057300000000000000e+04
-1.054800000000000000e+04 -1.057500000000000000e+04
-1.054500000000000000e+04 -1.057700000000000000e+04
-1.054300000000000000e+04 -1.059100000000000000e+04
-1.053800000000000000e+04 -1.059400000000000000e+04
-1.053500000000000000e+04 -1.059700000000000000e+04
-1.053200000000000000e+04 -1.060100000000000000e+04
-1.053100000000000000e+04 -1.060700000000000000e+04
-1.052900000000000000e+04 -1.061300000000000000e+04
-1.052700000000000000e+04 -1.062100000000000000e+04
-1.052100000000000000e+04 -1.062400000000000000e+04
-1.051600000000000000e+04 -1.062700000000000000e+04
-1.051400000000000000e+04 -1.063600000000000000e+04
-1.051100000000000000e+04 -1.063800000000000000e+04
-1.050900000000000000e+04 -1.064000000000000000e+04
-1.050600000000000000e+04 -1.064200000000000000e+04
-1.050200000000000000e+04 -1.064900000000000000e+04
-1.050100000000000000e+04 -1.065100000000000000e+04
-1.049600000000000000e+04 -1.065400000000000000e+04
-1.049300000000000000e+04 -1.065700000000000000e+04
-1.048700000000000000e+04 -1.066400000000000000e+04
-1.048400000000000000e+04 -1.066700000000000000e+04
-1.048100000000000000e+04 -1.067000000000000000e+04
-1.048000000000000000e+04 -1.067100000000000000e+04
-1.047500000000000000e+04 -1.068200000000000000e+04
-1.046800000000000000e+04 -1.068400000000000000e+04
-1.046000000000000000e+04 -1.068700000000000000e+04
-1.045200000000000000e+04 -1.069000000000000000e+04
-1.045000000000000000e+04 -1.069400000000000000e+04
-1.044900000000000000e+04 -1.069500000000000000e+04
-1.044600000000000000e+04 -1.069600000000000000e+04
-1.044100000000000000e+04 -1.069700000000000000e+04
-1.043700000000000000e+04 -1.070100000000000000e+04
-1.043400000000000000e+04 -1.070300000000000000e+04
-1.043200000000000000e+04 -1.070500000000000000e+04
-1.042800000000000000e+04 -1.071100000000000000e+04
-1.042300000000000000e+04 -1.071200000000000000e+04
-1.041900000000000000e+04 -1.071500000000000000e+04
-1.041000000000000000e+04 -1.072100000000000000e+04
-1.040800000000000000e+04 -1.072700000000000000e+04
-1.039100000000000000e+04 -1.073100000000000000e+04
-1.038100000000000000e+04 -1.073500000000000000e+04
-1.037700000000000000e+04 -1.073600000000000000e+04
-1.037200000000000000e+04 -1.073800000000000000e+04
-1.036600000000000000e+04 -1.074000000000000000e+04
-1.036400000000000000e+04 -1.074600000000000000e+04
-1.035700000000000000e+04 -1.074800000000000000e+04
-1.034500000000000000e+04 -1.075200000000000000e+04
-1.033700000000000000e+04 -1.075400000000000000e+04
-1.033500000000000000e+04 -1.075600000000000000e+04
-1.031900000000000000e+04 -1.076200000000000000e+04
-1.031700000000000000e+04 -1.076500000000000000e+04
-1.029900000000000000e+04 -1.076600000000000000e+04
-1.028800000000000000e+04 -1.077000000000000000e+04
-1.027500000000000000e+04 -1.077100000000000000e+04
-1.027200000000000000e+04 -1.078100000000000000e+04
-1.024100000000000000e+04 -1.078200000000000000e+04
-1.023700000000000000e+04 -1.078500000000000000e+04
-1.023000000000000000e+04 -1.078800000000000000e+04
-1.021700000000000000e+04 -1.078900000000000000e+04
-1.021500000000000000e+04 -1.079000000000000000e+04
-1.020800000000000000e+04 -1.079200000000000000e+04
-1.018800000000000000e+04 -1.079400000000000000e+04
-1.018200000000000000e+04 -1.079500000000000000e+04
-1.016800000000000000e+04 -1.080000000000000000e+04
-1.016300000000000000e+04 -1.080200000000000000e+04
-1.015600000000000000e+04 -1.080400000000000000e+04
-1.010600000000000000e+04 -1.080600000000000000e+04
-1.009000000000000000e+04 -1.081200000000000000e+04
